1 0.56484375 0.076171875 0.0453125 0.1015625
1 0.634375 0.0908203125 0.05 0.095703125
1 0.70859375 0.087890625 0.0515625 0.109375
1 0.79609375 0.0849609375 0.0484375 0.103515625
1 0.946875 0.1083984375 0.05 0.091796875
1 0.3015625 0.1572265625 0.065625 0.107421875
1 0.41796875 0.1611328125 0.0453125 0.119140625
1 0.58515625 0.19140625 0.0515625 0.11328125
1 0.696875 0.19140625 0.046875 0.11328125
1 0.75546875 0.19921875 0.0578125 0.11328125
1 0.81328125 0.2119140625 0.0515625 0.091796875
1 0.921875 0.2158203125 0.046875 0.099609375
1 0.98125 0.2138671875 0.034375 0.111328125
1 0.45546875 0.4169921875 0.0734375 0.142578125
1 0.55546875 0.5458984375 0.0765625 0.142578125
1 0.73828125 0.5771484375 0.0609375 0.134765625
1 0.85546875 0.5927734375 0.0703125 0.142578125
1 0.978125 0.6240234375 0.040625 0.134765625
1 0.25859375 0.4990234375 0.0734375 0.130859375
1 0.17890625 0.4765625 0.0921875 0.14453125
3 0.10625 0.716796875 0.096875 0.16796875