2 0.50859375 0.59765625 0.0328125 0.0703125
2 0.46796875 0.53125 0.0203125 0.0703125
2 0.4171875 0.451171875 0.021875 0.06640625
2 0.28671875 0.55078125 0.0265625 0.07421875
2 0.45859375 0.3056640625 0.0203125 0.064453125
2 0.4921875 0.267578125 0.021875 0.0703125
2 0.45234375 0.4306640625 0.0171875 0.068359375
2 0.56953125 0.2744140625 0.0140625 0.056640625
2 0.54609375 0.2646484375 0.0140625 0.068359375
2 0.49375 0.3837890625 0.01875 0.080078125
2 0.54375 0.431640625 0.015625 0.07421875
2 0.1953125 0.49609375 0.01875 0.0703125
2 0.50859375 0.505859375 0.0234375 0.0703125
2 0.36171875 0.447265625 0.0296875 0.08203125
2 0.22578125 0.4951171875 0.0140625 0.068359375
2 0.25078125 0.52734375 0.0140625 0.0703125
2 0.56328125 0.51953125 0.0171875 0.05859375
2 0.29140625 0.4775390625 0.0234375 0.064453125
2 0.3375 0.44921875 0.015625 0.078125
2 0.403125 0.302734375 0.015625 0.05859375
2 0.36640625 0.5224609375 0.0359375 0.076171875