1 0.78984375 0.052734375 0.0515625 0.10546875
1 0.68671875 0.05859375 0.0484375 0.11328125
1 0.60390625 0.06640625 0.0546875 0.125
1 0.51953125 0.0546875 0.0546875 0.10546875
1 0.44140625 0.056640625 0.0546875 0.11328125
1 0.96484375 0.064453125 0.0515625 0.09765625
1 0.68046875 0.19140625 0.0515625 0.1484375
1 0.7484375 0.2021484375 0.053125 0.142578125
1 0.35390625 0.1728515625 0.0546875 0.146484375
1 0.54609375 0.203125 0.0546875 0.1328125
1 0.9421875 0.2109375 0.053125 0.12890625
1 0.2171875 0.171875 0.071875 0.140625
1 0.81640625 0.208984375 0.0484375 0.109375
1 0.415625 0.5185546875 0.08125 0.177734375
1 0.0984375 0.625 0.1 0.171875
1 0.196875 0.646484375 0.08125 0.1640625
1 0.54296875 0.6787109375 0.0828125 0.173828125
1 0.75390625 0.7138671875 0.0609375 0.158203125
1 0.8875 0.724609375 0.065625 0.16015625
3 0.0390625 0.931640625 0.078125 0.12109375