2 0.284375 0.4208984375 0.028125 0.068359375
2 0.41171875 0.310546875 0.0328125 0.0625
2 0.5078125 0.44921875 0.0375 0.0703125
2 0.4640625 0.38671875 0.025 0.0703125
2 0.43828125 0.16015625 0.0171875 0.0625
2 0.4796875 0.23046875 0.015625 0.0625
2 0.44140625 0.2841796875 0.0171875 0.068359375
2 0.50703125 0.1103515625 0.0171875 0.060546875
2 0.38359375 0.1640625 0.0140625 0.05078125
2 0.403125 0.154296875 0.0125 0.0546875
2 0.2203125 0.37109375 0.0125 0.05859375
2 0.34921875 0.3076171875 0.0390625 0.083984375
2 0.475 0.314453125 0.034375 0.0625
2 0.4203125 0.234375 0.0125 0.0625
2 0.509375 0.298828125 0.0125 0.0546875
2 0.50234375 0.359375 0.0328125 0.06640625
2 0.36015625 0.3837890625 0.0390625 0.072265625
2 0.246875 0.3984375 0.021875 0.0625
2 0.284375 0.3408203125 0.015625 0.044921875
2 0.3 0.341796875 0.015625 0.046875
2 0.471875 0.1279296875 0.015625 0.068359375
2 0.525 0.109375 0.0125 0.0625
2 0.55078125 0.1181640625 0.0171875 0.060546875
2 0.54140625 0.3408203125 0.0140625 0.052734375
2 0.56171875 0.36328125 0.0140625 0.0546875
2 0.18828125 0.3828125 0.0234375 0.05859375
1 0.79375 0.8349609375 0.0875 0.185546875
1 0.67109375 0.857421875 0.0890625 0.20703125
1 0.571875 0.8671875 0.059375 0.17578125
1 0.44375 0.89453125 0.075 0.17578125
1 0.22890625 0.93359375 0.0765625 0.1328125
1 0.096875 0.9521484375 0.065625 0.087890625