1 0.33984375 0.9619140625 0.0609375 0.076171875
1 0.42890625 0.9443359375 0.0796875 0.111328125
1 0.51953125 0.95703125 0.0640625 0.0859375
1 0.6125 0.9375 0.0625 0.125
1 0.72734375 0.9248046875 0.0640625 0.146484375
1 0.92421875 0.93359375 0.0640625 0.125
2 0.98359375 0.419921875 0.0171875 0.05859375
2 0.9484375 0.451171875 0.01875 0.05078125
2 0.68359375 0.4580078125 0.0515625 0.060546875
2 0.90546875 0.35546875 0.0171875 0.05078125
2 0.97734375 0.46484375 0.0296875 0.0546875
2 0.73046875 0.484375 0.0234375 0.0546875
2 0.4578125 0.5087890625 0.028125 0.048828125
2 0.4296875 0.521484375 0.046875 0.05859375
2 0.40234375 0.5283203125 0.0328125 0.060546875
2 0.34375 0.4462890625 0.025 0.060546875
2 0.38828125 0.5390625 0.0328125 0.0625
2 0.3484375 0.568359375 0.028125 0.06640625
2 0.3671875 0.5546875 0.01875 0.0546875
2 0.3265625 0.5263671875 0.01875 0.064453125
2 0.96328125 0.5234375 0.0328125 0.0625
2 0.95625 0.34765625 0.021875 0.06640625
2 0.92421875 0.349609375 0.0171875 0.05859375
2 0.87265625 0.5078125 0.0390625 0.0703125
2 0.7546875 0.4833984375 0.034375 0.060546875
2 0.775 0.5 0.01875 0.0703125
2 0.80703125 0.5224609375 0.0328125 0.072265625
2 0.8703125 0.4501953125 0.0375 0.072265625
2 0.84765625 0.4541015625 0.0203125 0.068359375
2 0.97890625 0.3349609375 0.0171875 0.052734375
2 0.81796875 0.4716796875 0.0234375 0.041015625