1 0.14296875 0.51171875 0.0796875 0.19140625
1 0.04375 0.556640625 0.0875 0.1875
1 0.26484375 0.4541015625 0.0953125 0.185546875
1 0.59921875 0.375 0.0671875 0.17578125
1 0.0296875 0.78125 0.059375 0.1796875
1 0.175 0.7197265625 0.1 0.212890625
1 0.2609375 0.708984375 0.09375 0.19140625
1 0.33671875 0.6875 0.0859375 0.16015625
1 0.4859375 0.638671875 0.09375 0.18359375
1 0.56875 0.609375 0.09375 0.1875
1 0.728125 0.59375 0.09375 0.1875
1 0.8828125 0.5498046875 0.1125 0.212890625
1 0.7015625 0.36328125 0.090625 0.19921875
1 0.8234375 0.33203125 0.090625 0.19921875
1 0.4796875 0.419921875 0.06875 0.13671875