1 0.071875 0.25390625 0.053125 0.0625
1 0.32265625 0.1982421875 0.0578125 0.064453125
1 0.28671875 0.0888671875 0.0453125 0.052734375
0 0.35078125 0.068359375 0.0109375 0.02734375
0 0.04140625 0.2998046875 0.0109375 0.029296875
0 0.359375 0.0703125 0.009375 0.03125
0 0.51640625 0.53125 0.0109375 0.03515625
0 0.96953125 0.6298828125 0.0109375 0.037109375
0 0.95859375 0.8544921875 0.0140625 0.029296875
0 0.73671875 0.6494140625 0.0109375 0.037109375
1 0.43828125 0.1923828125 0.0359375 0.044921875
1 0.396875 0.1796875 0.040625 0.046875
0 0.97421875 0.453125 0.0140625 0.03515625