1 0.09765625 0.732421875 0.1265625 0.19921875
1 0.2359375 0.6259765625 0.128125 0.208984375
1 0.31953125 0.5869140625 0.1109375 0.197265625
1 0.3890625 0.5478515625 0.103125 0.162109375
1 0.528125 0.455078125 0.121875 0.1953125
1 0.60390625 0.3974609375 0.1171875 0.205078125
1 0.753125 0.341796875 0.121875 0.1953125
1 0.90078125 0.2568359375 0.1265625 0.205078125
1 0.275 0.345703125 0.1125 0.18359375
1 0.08125 0.5029296875 0.11875 0.189453125
1 0.6875 0.1328125 0.1125 0.19921875
1 0.16796875 0.4267578125 0.1109375 0.197265625
1 0.47734375 0.251953125 0.0921875 0.140625
1 0.59140625 0.1650390625 0.1078125 0.193359375
1 0.809375 0.0791015625 0.1 0.158203125
1 0.93671875 0.7841796875 0.1140625 0.205078125