1 0.084375 0.6787109375 0.059375 0.166015625
1 0.2484375 0.662109375 0.08125 0.1796875
1 0.33515625 0.47265625 0.0546875 0.16015625
1 0.421875 0.4521484375 0.071875 0.177734375
1 0.47421875 0.6591796875 0.0671875 0.173828125
1 0.51796875 0.466796875 0.0734375 0.16015625
1 0.621875 0.6201171875 0.0875 0.193359375
1 0.61484375 0.439453125 0.0609375 0.16015625
1 0.72734375 0.4091796875 0.0765625 0.154296875
1 0.70390625 0.6201171875 0.0734375 0.173828125
1 0.778125 0.6171875 0.06875 0.13671875
1 0.921875 0.5947265625 0.08125 0.166015625
1 0.928125 0.4140625 0.053125 0.09765625