1 0.94375 0.470703125 0.046875 0.11328125
1 0.82109375 0.4345703125 0.0640625 0.134765625
1 0.709375 0.4228515625 0.046875 0.126953125
1 0.53203125 0.392578125 0.0734375 0.13671875
1 0.43359375 0.2744140625 0.0640625 0.134765625
1 0.165625 0.3271484375 0.084375 0.130859375
1 0.559375 0.0556640625 0.046875 0.103515625
1 0.6703125 0.056640625 0.040625 0.11328125
1 0.95078125 0.07421875 0.0453125 0.1171875
1 0.88984375 0.0771484375 0.0453125 0.091796875
1 0.78359375 0.072265625 0.0421875 0.08203125
1 0.7296875 0.064453125 0.053125 0.10546875
1 0.2859375 0.0361328125 0.05 0.068359375
1 0.40078125 0.041015625 0.0515625 0.08203125
1 0.2421875 0.3466796875 0.06875 0.123046875
3 0.0953125 0.5478515625 0.090625 0.154296875