1 0.2828125 0.7685546875 0.034375 0.068359375
1 0.29375 0.3193359375 0.021875 0.048828125
1 0.259375 0.37109375 0.028125 0.05078125
1 0.2703125 0.4853515625 0.025 0.052734375
1 0.7796875 0.3583984375 0.04375 0.060546875
1 0.85703125 0.3564453125 0.0265625 0.048828125
3 0.63828125 0.560546875 0.0359375 0.06640625
1 0.68671875 0.4814453125 0.0484375 0.064453125
1 0.928125 0.529296875 0.040625 0.0703125
1 0.7 0.865234375 0.046875 0.07421875
1 0.75 0.875 0.04375 0.09765625
1 0.83046875 0.90234375 0.0515625 0.078125
1 0.86484375 0.4716796875 0.0515625 0.068359375
1 0.95546875 0.337890625 0.0359375 0.05078125
2 0.96015625 0.2255859375 0.0171875 0.044921875
2 0.9765625 0.2216796875 0.021875 0.044921875