1 0.8328125 0.654296875 0.078125 0.1484375
1 0.9078125 0.6376953125 0.090625 0.173828125
1 0.7 0.66796875 0.065625 0.125
1 0.63203125 0.669921875 0.0703125 0.16796875
1 0.5546875 0.666015625 0.071875 0.1640625
1 0.4140625 0.6982421875 0.053125 0.154296875
1 0.2046875 0.6953125 0.06875 0.15234375
1 0.05390625 0.712890625 0.0609375 0.1484375
1 0.95078125 0.4755859375 0.0515625 0.138671875
1 0.2921875 0.5380859375 0.053125 0.146484375
1 0.371875 0.517578125 0.071875 0.171875
1 0.46015625 0.53515625 0.0578125 0.1328125
1 0.54765625 0.513671875 0.0578125 0.14453125
1 0.653125 0.4814453125 0.071875 0.146484375
2 0.91875 0.171875 0.028125 0.05859375
2 0.96640625 0.115234375 0.0265625 0.0546875
2 0.78125 0.12109375 0.01875 0.0546875
2 0.8078125 0.111328125 0.03125 0.0546875
2 0.8875 0.126953125 0.01875 0.05078125
2 0.9125 0.029296875 0.015625 0.0546875
2 0.8640625 0.0244140625 0.01875 0.048828125
2 0.62890625 0.0546875 0.0453125 0.0546875
2 0.3046875 0.0458984375 0.015625 0.052734375
2 0.66953125 0.0869140625 0.0171875 0.052734375
2 0.69609375 0.0966796875 0.0140625 0.060546875
2 0.7125 0.0986328125 0.015625 0.056640625
2 0.740625 0.125 0.021875 0.0546875
2 0.74921875 0.0751953125 0.0140625 0.048828125
2 0.80546875 0.0595703125 0.0203125 0.056640625
2 0.9234375 0.1083984375 0.01875 0.048828125
2 0.8796875 0.0615234375 0.015625 0.052734375
2 0.759375 0.0625 0.01875 0.05859375
2 0.78515625 0.05859375 0.0203125 0.0703125
2 0.9015625 0.07421875 0.025 0.04296875
2 0.93046875 0.06640625 0.0203125 0.03515625
2 0.94921875 0.06640625 0.0296875 0.04296875
2 0.3078125 0.1494140625 0.01875 0.052734375
2 0.32734375 0.1455078125 0.0171875 0.044921875
2 0.34296875 0.1337890625 0.0203125 0.044921875
2 0.3578125 0.125 0.021875 0.046875
2 0.38125 0.1142578125 0.0375 0.048828125
1 0.83828125 0.4873046875 0.0546875 0.111328125