1 0.19375 0.0361328125 0.05625 0.072265625
1 0.33125 0.04296875 0.059375 0.08203125
1 0.5203125 0.0537109375 0.059375 0.107421875
1 0.65 0.052734375 0.05625 0.1015625
1 0.72109375 0.0556640625 0.0515625 0.107421875
1 0.78515625 0.0498046875 0.0453125 0.091796875
1 0.90625 0.0537109375 0.053125 0.103515625
1 0.97734375 0.0537109375 0.0421875 0.107421875
1 0.984375 0.5693359375 0.03125 0.142578125
3 0.03125 0.771484375 0.059375 0.203125
1 0.39296875 0.3427734375 0.0765625 0.166015625
1 0.51484375 0.498046875 0.0734375 0.16015625
1 0.72109375 0.5302734375 0.0515625 0.158203125
1 0.85390625 0.5390625 0.0578125 0.16015625
1 0.18125 0.4609375 0.078125 0.15625
1 0.08359375 0.443359375 0.0984375 0.1640625