1 0.084375 0.451171875 0.05625 0.16015625
1 0.33203125 0.2470703125 0.0671875 0.169921875
1 0.24140625 0.4248046875 0.0828125 0.189453125
1 0.41328125 0.2314453125 0.0828125 0.181640625
1 0.5078125 0.2431640625 0.075 0.158203125
1 0.6015625 0.21484375 0.065625 0.171875
1 0.715625 0.181640625 0.08125 0.1640625
1 0.4640625 0.4248046875 0.078125 0.177734375
1 0.61015625 0.3916015625 0.0765625 0.185546875
1 0.69296875 0.3896484375 0.0609375 0.173828125
1 0.7625 0.3876953125 0.06875 0.126953125
1 0.909375 0.189453125 0.05625 0.10546875
1 0.90546875 0.369140625 0.0765625 0.171875
1 0.97734375 0.3505859375 0.0453125 0.166015625
1 0.3640625 0.8505859375 0.071875 0.197265625
1 0.5234375 0.966796875 0.065625 0.06640625
1 0.75546875 0.96875 0.0671875 0.0625
1 0.90625 0.9609375 0.065625 0.078125