1 0.76875 0.2060546875 0.059375 0.130859375
1 0.66328125 0.2177734375 0.0546875 0.138671875
1 0.94609375 0.2236328125 0.0515625 0.091796875
1 0.57734375 0.23046875 0.0546875 0.125
1 0.4953125 0.208984375 0.053125 0.1484375
1 0.41875 0.21484375 0.046875 0.12890625
1 0.184375 0.3564453125 0.078125 0.146484375
1 0.3265625 0.35546875 0.053125 0.14453125
1 0.5265625 0.375 0.053125 0.15234375
1 0.659375 0.361328125 0.05625 0.15234375
1 0.73125 0.3701171875 0.05 0.142578125
1 0.79921875 0.37890625 0.0484375 0.11328125
1 0.928125 0.3740234375 0.059375 0.134765625
1 0.39765625 0.71484375 0.0703125 0.17578125
1 0.5296875 0.8828125 0.075 0.17578125
1 0.746875 0.9140625 0.059375 0.171875
1 0.8875 0.9169921875 0.065625 0.166015625
1 0.16953125 0.8583984375 0.0765625 0.169921875
1 0.06875 0.837890625 0.103125 0.1796875