1 0.2625 0.5771484375 0.03125 0.072265625
1 0.64921875 0.650390625 0.0484375 0.06640625
1 0.69296875 0.6611328125 0.0421875 0.091796875
1 0.765625 0.68359375 0.0375 0.0625
1 0.971875 0.3798828125 0.0375 0.064453125
1 0.865625 0.357421875 0.046875 0.07421875
1 0.6421875 0.314453125 0.05625 0.0703125
1 0.72890625 0.2099609375 0.0390625 0.052734375
1 0.80859375 0.30859375 0.0421875 0.05859375
1 0.90078125 0.234375 0.0390625 0.05859375
1 0.971875 0.236328125 0.025 0.0546875
1 0.984375 0.1953125 0.03125 0.05078125
1 0.80078125 0.2099609375 0.0234375 0.056640625
1 0.240625 0.228515625 0.03125 0.03515625
1 0.25078125 0.3232421875 0.0296875 0.041015625
1 0.93515625 0.1982421875 0.0328125 0.048828125
1 0.89375 0.1884765625 0.034375 0.044921875
2 0.9171875 0.080078125 0.021875 0.04296875
2 0.903125 0.0966796875 0.015625 0.029296875