1 0.10234375 0.51171875 0.0765625 0.203125
1 0.26484375 0.70703125 0.0609375 0.1875
1 0.5046875 0.7158203125 0.065625 0.189453125
1 0.6578125 0.705078125 0.065625 0.19140625
1 0.8265625 0.7275390625 0.084375 0.173828125
1 0.971875 0.4775390625 0.05 0.189453125
1 0.2203125 0.078125 0.0625 0.1484375
1 0.378125 0.0625 0.065625 0.1171875
1 0.459375 0.060546875 0.059375 0.12109375
1 0.5390625 0.048828125 0.05625 0.09375
1 0.68671875 0.0478515625 0.0609375 0.091796875
1 0.7765625 0.041015625 0.065625 0.0703125
1 0.93046875 0.044921875 0.0640625 0.0859375