1 0.0953125 0.345703125 0.059375 0.15625
1 0.25078125 0.3310546875 0.0796875 0.173828125
1 0.33515625 0.1591796875 0.0671875 0.162109375
1 0.415625 0.1328125 0.071875 0.171875
1 0.471875 0.3291015625 0.065625 0.154296875
1 0.51328125 0.1494140625 0.0703125 0.150390625
1 0.60234375 0.12890625 0.0546875 0.1484375
1 0.71328125 0.095703125 0.0671875 0.13671875
1 0.9109375 0.095703125 0.0625 0.109375
1 0.6125 0.29296875 0.08125 0.1796875
1 0.365625 0.732421875 0.06875 0.1875
1 0.68828125 0.294921875 0.0703125 0.1640625
1 0.76328125 0.2919921875 0.0640625 0.123046875
1 0.9015625 0.263671875 0.08125 0.15625
1 0.971875 0.244140625 0.053125 0.1640625
1 0.03203125 0.91796875 0.0640625 0.1640625
1 0.13828125 0.92578125 0.0640625 0.1484375
1 0.5234375 0.908203125 0.05625 0.171875
1 0.75546875 0.90625 0.0671875 0.1796875
1 0.90546875 0.8994140625 0.0671875 0.177734375