1 0.3953125 0.4560546875 0.03125 0.068359375
1 0.4484375 0.466796875 0.03125 0.08203125
1 0.53046875 0.4736328125 0.0421875 0.076171875
1 0.67421875 0.0693359375 0.0296875 0.068359375
1 0.74921875 0.0703125 0.0359375 0.07421875
1 0.8328125 0.08203125 0.034375 0.06640625
1 0.9578125 0.0830078125 0.034375 0.068359375
1 0.5578125 0.05859375 0.0375 0.0703125
1 0.2796875 0.1279296875 0.0375 0.064453125
1 0.36171875 0.0419921875 0.0390625 0.068359375
1 0.31171875 0.0361328125 0.0390625 0.068359375
1 0.484375 0.0166015625 0.040625 0.033203125
1 0.9125 0.025390625 0.025 0.05078125