1 0.32421875 0.6845703125 0.0390625 0.087890625
1 0.41875 0.7626953125 0.040625 0.087890625
1 0.56171875 0.767578125 0.0421875 0.0859375
1 0.65546875 0.7587890625 0.0421875 0.091796875
1 0.55859375 0.419921875 0.0421875 0.078125
1 0.66640625 0.498046875 0.0453125 0.07421875
1 0.890625 0.4990234375 0.053125 0.091796875
1 0.67265625 0.423828125 0.0328125 0.0625
1 0.796875 0.4208984375 0.04375 0.076171875
1 0.5375 0.505859375 0.0375 0.0859375
1 0.90390625 0.7578125 0.0421875 0.09375
1 0.75625 0.7724609375 0.053125 0.095703125
1 0.43203125 0.4443359375 0.0328125 0.064453125
1 0.48984375 0.4306640625 0.0328125 0.064453125
1 0.4890625 0.5068359375 0.0375 0.080078125
1 0.74453125 0.41796875 0.0328125 0.06640625
1 0.715625 0.490234375 0.05 0.08984375
1 0.80546875 0.5 0.0515625 0.08984375
1 0.8375 0.671875 0.046875 0.08203125
1 0.325 0.4462890625 0.03125 0.068359375
1 0.375 0.4326171875 0.04375 0.080078125
1 0.403125 0.5205078125 0.040625 0.076171875
1 0.2671875 0.5107421875 0.046875 0.095703125
1 0.171875 0.5224609375 0.040625 0.076171875
1 0.18203125 0.7646484375 0.0421875 0.095703125
1 0.11015625 0.7548828125 0.0671875 0.103515625
1 0.86484375 0.421875 0.0359375 0.0625
1 0.97578125 0.4814453125 0.0453125 0.091796875
1 0.0828125 0.931640625 0.05 0.11328125