0 0.52265625 0.17578125 0.0203125 0.0390625
0 0.4421875 0.2265625 0.025 0.02734375
2 0.35859375 0.5556640625 0.0484375 0.052734375
2 0.39765625 0.5244140625 0.0515625 0.060546875
2 0.465625 0.63671875 0.05 0.05859375
2 0.41015625 0.5458984375 0.0609375 0.072265625
2 0.4453125 0.6025390625 0.059375 0.072265625
2 0.43203125 0.5634765625 0.0578125 0.064453125
2 0.59140625 0.232421875 0.0390625 0.0703125
2 0.6171875 0.2119140625 0.046875 0.072265625
2 0.65859375 0.1650390625 0.0453125 0.087890625
2 0.68046875 0.1513671875 0.0359375 0.064453125
2 0.703125 0.1181640625 0.05 0.080078125
2 0.58984375 0.53125 0.0578125 0.0703125
2 0.7 0.7255859375 0.04375 0.044921875
2 0.71796875 0.75390625 0.0453125 0.046875
2 0.72578125 0.775390625 0.0546875 0.05078125
2 0.4890625 0.685546875 0.0625 0.07421875
2 0.86875 0.8330078125 0.040625 0.072265625
2 0.90234375 0.806640625 0.0515625 0.0859375
2 0.93984375 0.7783203125 0.0421875 0.064453125