2 0.44765625 0.2744140625 0.0578125 0.041015625
2 0.475 0.3310546875 0.0625 0.052734375
2 0.4875 0.3603515625 0.0625 0.052734375
2 0.4390625 0.24609375 0.0625 0.046875
2 0.72265625 0.390625 0.0484375 0.078125
2 0.69765625 0.6435546875 0.0421875 0.068359375
2 0.71484375 0.6201171875 0.0390625 0.060546875
2 0.73203125 0.6005859375 0.0390625 0.060546875
2 0.76328125 0.583984375 0.0453125 0.0625
2 0.7921875 0.568359375 0.03125 0.0625
2 0.87265625 0.5185546875 0.0390625 0.060546875
2 0.83515625 0.5439453125 0.0546875 0.080078125