1 0.48203125 0.701171875 0.0359375 0.0703125
1 0.37109375 0.5849609375 0.0328125 0.056640625
1 0.5515625 0.7607421875 0.040625 0.068359375
1 0.665625 0.771484375 0.034375 0.0703125
1 0.74453125 0.7724609375 0.0296875 0.072265625
1 0.8859375 0.6103515625 0.0375 0.064453125
1 0.66484375 0.59765625 0.0328125 0.0625
1 0.771875 0.6015625 0.03125 0.046875
1 0.62734375 0.59375 0.0265625 0.05859375
1 0.9453125 0.7900390625 0.03125 0.068359375
1 0.68984375 0.5419921875 0.0296875 0.060546875
1 0.446875 0.58203125 0.025 0.06640625
1 0.5390625 0.5390625 0.03125 0.0625
1 0.584375 0.5478515625 0.028125 0.048828125
1 0.8140625 0.595703125 0.03125 0.06640625
1 0.82421875 0.7880859375 0.0421875 0.076171875
1 0.96015625 0.611328125 0.0453125 0.0703125
1 0.5015625 0.5400390625 0.0375 0.064453125
1 0.63125 0.544921875 0.028125 0.05078125
1 0.27578125 0.8310546875 0.0359375 0.068359375
1 0.30390625 0.7373046875 0.0484375 0.076171875
1 0.3578125 0.7421875 0.04375 0.078125
1 0.55546875 0.5966796875 0.0234375 0.060546875
1 0.70234375 0.6005859375 0.0296875 0.052734375
1 0.78359375 0.552734375 0.0265625 0.04296875
1 0.8421875 0.5546875 0.028125 0.05078125
1 0.88671875 0.5595703125 0.0265625 0.052734375
1 0.94375 0.5625 0.03125 0.046875