1 0.61171875 0.892578125 0.1453125 0.1484375
2 0.859375 0.5791015625 0.040625 0.068359375
2 0.88359375 0.552734375 0.0453125 0.0703125
2 0.43046875 0.3486328125 0.0515625 0.052734375
2 0.92265625 0.52734375 0.0390625 0.0625
2 0.96484375 0.51171875 0.0390625 0.0625
2 0.97734375 0.5 0.0390625 0.0625
2 0.42265625 0.3134765625 0.0390625 0.048828125
2 0.4015625 0.291015625 0.04375 0.0546875
2 0.45390625 0.3857421875 0.0515625 0.048828125
2 0.58046875 0.279296875 0.0546875 0.05859375
2 0.69296875 0.47265625 0.0546875 0.05859375
2 0.70546875 0.49609375 0.0546875 0.05859375
2 0.71796875 0.51953125 0.0546875 0.05859375