1 0.39765625 0.4580078125 0.0359375 0.080078125
1 0.45078125 0.466796875 0.0390625 0.0859375
1 0.5578125 0.0615234375 0.0375 0.076171875
1 0.67578125 0.0703125 0.0296875 0.0703125
1 0.75390625 0.072265625 0.0328125 0.07421875
1 0.5328125 0.4755859375 0.03125 0.068359375
1 0.959375 0.083984375 0.028125 0.0703125
1 0.8375 0.083984375 0.028125 0.06640625
1 0.28125 0.134765625 0.0375 0.07421875
1 0.3109375 0.0341796875 0.05 0.068359375
1 0.36484375 0.04296875 0.0296875 0.0625
1 0.91484375 0.029296875 0.0296875 0.0546875