1 0.64296875 0.357421875 0.0328125 0.07421875
1 0.696875 0.365234375 0.03125 0.0703125
1 0.75390625 0.3623046875 0.0328125 0.068359375
1 0.8234375 0.3583984375 0.03125 0.064453125
1 0.93984375 0.369140625 0.0296875 0.0625
1 0.440625 0.4267578125 0.034375 0.064453125
1 0.534375 0.4189453125 0.03125 0.083984375
1 0.59375 0.3603515625 0.028125 0.064453125
1 0.6625 0.4365234375 0.034375 0.072265625
1 0.75234375 0.43359375 0.0328125 0.07421875
1 0.79921875 0.4365234375 0.0296875 0.068359375
1 0.84296875 0.439453125 0.0265625 0.0625
1 0.92734375 0.4443359375 0.0359375 0.068359375
1 0.97734375 0.4365234375 0.0328125 0.080078125
1 0.58046875 0.5888671875 0.0359375 0.083984375
1 0.6671875 0.6708984375 0.03125 0.083984375
1 0.80546875 0.6865234375 0.0421875 0.091796875
1 0.90234375 0.69140625 0.0390625 0.09375
1 0.43671875 0.650390625 0.0328125 0.08203125
1 0.37109375 0.6396484375 0.0671875 0.107421875
1 0.33828125 0.7900390625 0.0421875 0.107421875
4 0.64140625 0.1767578125 0.1046875 0.068359375