2 0.29453125 0.2490234375 0.0578125 0.076171875
2 0.33984375 0.029296875 0.0453125 0.05859375
2 0.36484375 0.046875 0.0578125 0.07421875
2 0.384375 0.0908203125 0.065625 0.083984375
2 0.41484375 0.1337890625 0.0546875 0.060546875
2 0.45 0.208984375 0.053125 0.0703125
2 0.43671875 0.166015625 0.0515625 0.0625
2 0.46953125 0.2275390625 0.0609375 0.080078125
2 0.48828125 0.2412109375 0.0609375 0.072265625
2 0.30390625 0.546875 0.0484375 0.0703125
2 0.284375 0.572265625 0.040625 0.0625
2 0.24375 0.6123046875 0.046875 0.076171875
2 0.221875 0.6318359375 0.046875 0.072265625