1 0.40390625 0.42578125 0.0640625 0.1015625
1 0.3578125 0.7021484375 0.05 0.099609375
1 0.109375 0.75390625 0.05625 0.10546875
1 0.096875 0.4892578125 0.053125 0.080078125
1 0.01484375 0.5078125 0.0296875 0.05859375
1 0.28359375 0.6357421875 0.0515625 0.087890625
1 0.31953125 0.44921875 0.0578125 0.08984375
1 0.0953125 0.4140625 0.0375 0.0625
1 0.146875 0.4736328125 0.05625 0.095703125
1 0.165625 0.4013671875 0.034375 0.060546875
1 0.21640625 0.3916015625 0.0421875 0.076171875
1 0.2859375 0.3828125 0.04375 0.0625
1 0.021875 0.7734375 0.040625 0.08984375
1 0.2125 0.74609375 0.059375 0.1015625
1 0.6609375 0.8603515625 0.053125 0.072265625
1 0.23515625 0.4697265625 0.0453125 0.072265625