0 0.84765625 0.021484375 0.0265625 0.03515625
2 0.5046875 0.3818359375 0.040625 0.076171875
2 0.55703125 0.3388671875 0.0421875 0.068359375
2 0.59375 0.306640625 0.040625 0.07421875
2 0.6203125 0.29296875 0.04375 0.0703125
2 0.64453125 0.263671875 0.0546875 0.07421875
2 0.81875 0.955078125 0.04375 0.0703125
2 0.3859375 0.7275390625 0.071875 0.080078125
2 0.375 0.6884765625 0.053125 0.056640625
2 0.5328125 0.6552734375 0.05625 0.060546875
2 0.88125 0.90234375 0.040625 0.0625
2 0.34140625 0.6484375 0.0453125 0.0546875
2 0.36328125 0.65625 0.0671875 0.08984375
4 0.946875 0.865234375 0.103125 0.109375
2 0.64609375 0.845703125 0.0484375 0.0546875
2 0.6640625 0.8671875 0.053125 0.046875
2 0.471875 0.8798828125 0.0625 0.064453125
2 0.453125 0.8515625 0.05625 0.06640625