2 0.24453125 0.6845703125 0.0453125 0.052734375
2 0.40625 0.6484375 0.0625 0.07421875
2 0.25703125 0.7177734375 0.0640625 0.072265625
2 0.2703125 0.7626953125 0.065625 0.068359375
2 0.38125 0.3798828125 0.0375 0.068359375
2 0.42578125 0.3251953125 0.0515625 0.080078125
2 0.46796875 0.30078125 0.0421875 0.0703125
2 0.4921875 0.2919921875 0.040625 0.064453125
2 0.5125 0.2548828125 0.059375 0.080078125
2 0.5328125 0.2255859375 0.040625 0.060546875
2 0.290625 0.806640625 0.075 0.0859375
2 0.68046875 0.9482421875 0.0484375 0.072265625
2 0.7140625 0.9296875 0.059375 0.078125
2 0.74765625 0.892578125 0.0484375 0.06640625