1 0.428125 0.7783203125 0.04375 0.087890625
1 0.48359375 0.7958984375 0.0421875 0.091796875
1 0.571875 0.8017578125 0.046875 0.083984375
1 0.89375 0.34765625 0.040625 0.078125
1 0.80703125 0.330078125 0.0359375 0.08203125
1 0.72265625 0.3291015625 0.0328125 0.083984375
1 0.59453125 0.3154296875 0.0421875 0.083984375
1 0.51953125 0.2490234375 0.0328125 0.076171875
1 0.97890625 0.2724609375 0.0328125 0.064453125
1 0.6296875 0.0595703125 0.028125 0.060546875
1 0.74375 0.052734375 0.028125 0.0625
1 0.29296875 0.408203125 0.0484375 0.09375
1 0.39453125 0.109375 0.0421875 0.06640625
1 0.47734375 0.1064453125 0.0296875 0.076171875
1 0.85 0.0615234375 0.028125 0.052734375
1 0.68046875 0.056640625 0.0265625 0.0546875
1 0.9640625 0.0693359375 0.028125 0.056640625
1 0.88125 0.1162109375 0.0375 0.072265625
1 0.9125 0.0625 0.025 0.0546875
1 0.5328125 0.0537109375 0.0375 0.072265625
1 0.57734375 0.0517578125 0.0296875 0.068359375
1 0.71953125 0.119140625 0.0296875 0.07421875
1 0.83828125 0.1220703125 0.0328125 0.056640625
1 0.76015625 0.1220703125 0.0265625 0.052734375
1 0.96328125 0.1318359375 0.0484375 0.076171875
1 0.67578125 0.1181640625 0.0296875 0.072265625
1 0.59765625 0.123046875 0.0328125 0.0703125
1 0.32734375 0.287109375 0.0515625 0.08203125
1 0.384375 0.2958984375 0.040625 0.080078125