2 0.46484375 0.1748046875 0.0546875 0.021484375
2 0.3296875 0.419921875 0.01875 0.0703125
2 0.30078125 0.42578125 0.0171875 0.05859375
2 0.2484375 0.4296875 0.021875 0.0703125
2 0.22265625 0.419921875 0.0171875 0.0703125
2 0.18671875 0.435546875 0.0296875 0.0703125
2 0.6234375 0.3173828125 0.046875 0.017578125
2 0.615625 0.29296875 0.04375 0.01953125
2 0.609375 0.26171875 0.05 0.01953125
2 0.61640625 0.220703125 0.0515625 0.0390625
2 0.61640625 0.1787109375 0.0484375 0.025390625
2 0.615625 0.1162109375 0.059375 0.041015625
2 0.61796875 0.0673828125 0.0515625 0.021484375
2 0.6140625 0.0341796875 0.053125 0.025390625