1 0.76796875 0.5380859375 0.0359375 0.087890625
1 0.8546875 0.541015625 0.040625 0.08984375
1 0.6328125 0.525390625 0.046875 0.09375
1 0.7625 0.3046875 0.03125 0.078125
1 0.8875 0.3095703125 0.034375 0.064453125
1 0.78671875 0.23046875 0.0328125 0.0703125
1 0.546875 0.4482421875 0.040625 0.091796875
1 0.61171875 0.23046875 0.0328125 0.078125
1 0.665625 0.2412109375 0.028125 0.060546875
1 0.715625 0.30078125 0.03125 0.07421875
1 0.896875 0.2431640625 0.028125 0.052734375
1 0.934375 0.3037109375 0.04375 0.083984375
1 0.6296875 0.3076171875 0.03125 0.068359375
1 0.9515625 0.55859375 0.040625 0.08203125
1 0.5078125 0.2890625 0.03125 0.078125
1 0.4171875 0.291015625 0.0375 0.07421875
1 0.41015625 0.5048828125 0.0453125 0.083984375
1 0.34609375 0.4921875 0.0546875 0.0859375
1 0.31171875 0.62890625 0.0546875 0.09375
1 0.565625 0.2333984375 0.028125 0.068359375
1 0.9671875 0.2431640625 0.0375 0.060546875
1 0.7203125 0.236328125 0.028125 0.07421875
4 0.6046875 0.0576171875 0.09375 0.080078125
4 0.853125 0.0712890625 0.1125 0.076171875
4 0.9609375 0.0888671875 0.075 0.091796875
1 0.80390625 0.3056640625 0.0296875 0.056640625