2 0.6078125 0.470703125 0.046875 0.078125
2 0.58125 0.4931640625 0.040625 0.064453125
0 0.47265625 0.4619140625 0.0265625 0.025390625
2 0.634375 0.453125 0.05 0.07421875
2 0.67578125 0.41015625 0.0421875 0.0703125
2 0.69921875 0.40234375 0.0484375 0.078125
2 0.72109375 0.357421875 0.0578125 0.0859375
2 0.60859375 0.767578125 0.0578125 0.06640625
2 0.41484375 0.7666015625 0.0515625 0.060546875
2 0.428125 0.78515625 0.053125 0.0625
2 0.44921875 0.8056640625 0.0546875 0.060546875
2 0.4625 0.8427734375 0.0625 0.072265625
2 0.48046875 0.876953125 0.0546875 0.05859375
2 0.50859375 0.9248046875 0.0703125 0.091796875