1 0.284375 0.2763671875 0.09375 0.060546875
1 0.4078125 0.4931640625 0.084375 0.048828125
1 0.378125 0.587890625 0.08125 0.0390625
1 0.65703125 0.75 0.0953125 0.05859375
1 0.66796875 0.6767578125 0.0859375 0.048828125
1 0.73359375 0.9521484375 0.0859375 0.048828125
1 0.75078125 0.7958984375 0.0578125 0.048828125
1 0.7515625 0.7412109375 0.053125 0.044921875
1 0.75 0.6865234375 0.053125 0.044921875
1 0.7578125 0.6396484375 0.053125 0.044921875
1 0.7640625 0.591796875 0.0625 0.04296875
1 0.77109375 0.552734375 0.0515625 0.0390625
1 0.12421875 0.7421875 0.0859375 0.0546875
1 0.34921875 0.7265625 0.0734375 0.0390625
1 0.46796875 0.63671875 0.0796875 0.04296875
1 0.67109375 0.62109375 0.0609375 0.03125
1 0.43125 0.810546875 0.078125 0.04296875