1 0.51953125 0.625 0.0796875 0.0390625
1 0.4421875 0.4560546875 0.084375 0.044921875
1 0.4484375 0.3935546875 0.08125 0.041015625
1 0.06953125 0.0537109375 0.0859375 0.056640625
1 0.19609375 0.2470703125 0.0796875 0.041015625
1 0.171875 0.328125 0.078125 0.0390625
1 0.15234375 0.4521484375 0.0703125 0.041015625
1 0.2296875 0.5185546875 0.08125 0.037109375
1 0.26015625 0.365234375 0.0734375 0.04296875
1 0.53046875 0.490234375 0.0546875 0.04296875
1 0.5296875 0.4443359375 0.053125 0.037109375
1 0.525 0.3974609375 0.05625 0.033203125
1 0.54375 0.2734375 0.05625 0.03125
1 0.53671875 0.3115234375 0.0671875 0.033203125
1 0.53515625 0.3505859375 0.0515625 0.037109375