0 0.48828125 0.681640625 0.0171875 0.03125
2 0.76875 0.9521484375 0.0125 0.048828125
2 0.6046875 0.37109375 0.034375 0.02734375
2 0.6125 0.4208984375 0.034375 0.021484375
2 0.67109375 0.755859375 0.0421875 0.03515625
2 0.68203125 0.787109375 0.0421875 0.04296875
2 0.7515625 0.94140625 0.025 0.04296875
2 0.6625 0.716796875 0.0375 0.0234375
2 0.6578125 0.6875 0.034375 0.0234375
2 0.6375 0.5673828125 0.040625 0.021484375
2 0.703125 0.9267578125 0.04375 0.048828125
2 0.7375 0.9326171875 0.0125 0.044921875
2 0.696875 0.8505859375 0.03125 0.021484375
2 0.69375 0.83203125 0.0375 0.01953125
2 0.72734375 0.9365234375 0.0359375 0.056640625