2 0.29453125 0.5185546875 0.0296875 0.056640625
2 0.27578125 0.51953125 0.0171875 0.05078125
2 0.08359375 0.359375 0.0421875 0.04296875
2 0.11328125 0.3896484375 0.0453125 0.056640625
2 0.1375 0.4111328125 0.040625 0.056640625
2 0.15703125 0.4423828125 0.0390625 0.044921875
2 0.24921875 0.53515625 0.0234375 0.0625
2 0.18203125 0.4755859375 0.0359375 0.048828125
2 0.22890625 0.5361328125 0.0296875 0.052734375
2 0.0578125 0.33984375 0.028125 0.02734375
2 0.71796875 0.19921875 0.0328125 0.05078125
2 0.74765625 0.1796875 0.0390625 0.05078125
2 0.78359375 0.150390625 0.0328125 0.05078125
2 0.80078125 0.1337890625 0.0296875 0.044921875
2 0.0546875 0.310546875 0.0375 0.03515625
2 0.371875 0.6875 0.0375 0.01953125
2 0.3734375 0.7119140625 0.040625 0.029296875
2 0.69609375 0.2197265625 0.0328125 0.044921875