2 0.29140625 0.271484375 0.0328125 0.0625
2 0.0640625 0.080078125 0.040625 0.0390625
2 0.275 0.28125 0.0125 0.0546875
2 0.225 0.287109375 0.025 0.0546875
2 0.0546875 0.060546875 0.0375 0.0390625
2 0.08359375 0.1083984375 0.0421875 0.048828125
2 0.1109375 0.14453125 0.0375 0.046875
2 0.1328125 0.166015625 0.04375 0.0546875
2 0.15546875 0.19140625 0.0421875 0.0546875
2 0.17890625 0.2236328125 0.0390625 0.048828125
2 0.24609375 0.28515625 0.0109375 0.05859375
2 0.20390625 0.236328125 0.0390625 0.05078125
2 0.2578125 0.2802734375 0.009375 0.041015625
2 0.36953125 0.4326171875 0.0359375 0.017578125
2 0.37109375 0.455078125 0.0390625 0.01953125
2 0.16640625 0.2060546875 0.0421875 0.048828125