2 0.55234375 0.5791015625 0.0390625 0.052734375
2 0.58125 0.55859375 0.0375 0.046875
2 0.6125 0.5283203125 0.04375 0.056640625
2 0.17578125 0.958984375 0.0296875 0.0546875
2 0.6234375 0.5078125 0.04375 0.046875
2 0.0109375 0.888671875 0.01875 0.046875
2 0.03203125 0.9033203125 0.0328125 0.052734375
2 0.04609375 0.9189453125 0.0390625 0.056640625
2 0.1578125 0.962890625 0.028125 0.0546875
2 0.06015625 0.935546875 0.0421875 0.0625
2 0.13359375 0.9755859375 0.0171875 0.048828125
0 0.70703125 0.5693359375 0.0140625 0.021484375
0 0.43984375 0.8369140625 0.0171875 0.021484375
0 0.46171875 0.86328125 0.0140625 0.03515625
0 0.72890625 0.5908203125 0.0171875 0.021484375
0 0.98359375 0.248046875 0.0109375 0.03515625
2 0.975 0.1708984375 0.034375 0.044921875