2 0.29296875 0.302734375 0.0390625 0.03125
2 0.31328125 0.35546875 0.0484375 0.04296875
2 0.58828125 0.90625 0.0140625 0.0546875
2 0.43046875 0.6787109375 0.0453125 0.037109375
2 0.4203125 0.6474609375 0.040625 0.033203125
2 0.45 0.7236328125 0.040625 0.033203125
2 0.4640625 0.75 0.04375 0.04296875
2 0.4796875 0.78125 0.040625 0.03515625
2 0.48515625 0.80078125 0.0484375 0.03515625
2 0.4953125 0.8203125 0.040625 0.04296875
2 0.41875 0.626953125 0.04375 0.03515625
2 0.3328125 0.4326171875 0.040625 0.041015625
2 0.37265625 0.5224609375 0.0421875 0.041015625
2 0.38359375 0.54296875 0.0421875 0.0390625
2 0.40078125 0.591796875 0.0390625 0.0390625
2 0.40625 0.6123046875 0.0375 0.033203125
2 0.5734375 0.904296875 0.015625 0.0546875
2 0.54375 0.904296875 0.0375 0.0625
2 0.51484375 0.8486328125 0.0484375 0.052734375
2 0.52265625 0.8935546875 0.0359375 0.048828125
0 0.1203125 0.6552734375 0.015625 0.033203125
0 0.125 0.685546875 0.015625 0.0234375