2 0.80703125 0.8466796875 0.0203125 0.056640625
2 0.63359375 0.1787109375 0.0359375 0.017578125
2 0.64375 0.2373046875 0.040625 0.029296875
2 0.64921875 0.314453125 0.0390625 0.01953125
2 0.6984375 0.5810546875 0.040625 0.021484375
2 0.70859375 0.6279296875 0.0390625 0.029296875
2 0.71796875 0.6591796875 0.0421875 0.037109375
2 0.728125 0.689453125 0.0375 0.03125
2 0.73046875 0.712890625 0.0421875 0.03125
2 0.79296875 0.8369140625 0.0234375 0.056640625
2 0.6953125 0.5498046875 0.0375 0.021484375
2 0.73125 0.736328125 0.034375 0.02734375
2 0.69765625 0.5263671875 0.0390625 0.017578125
2 0.74609375 0.814453125 0.0421875 0.0390625
2 0.77734375 0.8291015625 0.0296875 0.041015625
2 0.74453125 0.7587890625 0.0421875 0.033203125