2 0.48125 0.3896484375 0.025 0.056640625
2 0.50703125 0.40234375 0.0234375 0.0625
2 0.53984375 0.4130859375 0.0328125 0.052734375
2 0.06953125 0.1552734375 0.0390625 0.068359375
2 0.10234375 0.1630859375 0.0421875 0.064453125
2 0.15390625 0.1865234375 0.0328125 0.064453125
2 0.2140625 0.234375 0.034375 0.0625
2 0.30234375 0.28515625 0.0328125 0.07421875
2 0.321875 0.2939453125 0.034375 0.064453125
2 0.44375 0.3701171875 0.0375 0.068359375
2 0.415625 0.353515625 0.0375 0.0625
2 0.56875 0.4423828125 0.025 0.064453125
2 0.690625 0.4267578125 0.040625 0.052734375
2 0.675 0.4404296875 0.028125 0.048828125
2 0.55546875 0.4267578125 0.0359375 0.056640625
2 0.60703125 0.4501953125 0.0296875 0.052734375
2 0.61875 0.470703125 0.021875 0.0625
2 0.634375 0.4814453125 0.01875 0.060546875
2 0.6515625 0.46484375 0.025 0.0546875
2 0.8140625 0.5498046875 0.05 0.033203125
2 0.82265625 0.5693359375 0.0484375 0.048828125
2 0.3984375 0.341796875 0.034375 0.046875
0 0.265625 0.400390625 0.015625 0.03125
0 0.2671875 0.427734375 0.01875 0.03125
2 0.82734375 0.501953125 0.0234375 0.01953125
2 0.83046875 0.4775390625 0.0359375 0.021484375
2 0.85078125 0.45703125 0.0390625 0.015625