2 0.79453125 0.5849609375 0.0140625 0.048828125
2 0.77578125 0.580078125 0.0296875 0.0546875
2 0.68515625 0.3369140625 0.0421875 0.017578125
2 0.696875 0.3798828125 0.04375 0.025390625
2 0.70078125 0.4130859375 0.0546875 0.048828125
2 0.71328125 0.4443359375 0.0484375 0.037109375
2 0.71796875 0.462890625 0.0546875 0.04296875
2 0.63828125 0.0107421875 0.0453125 0.021484375
2 0.64140625 0.0810546875 0.0390625 0.025390625
2 0.68203125 0.3056640625 0.0421875 0.021484375
2 0.6828125 0.2822265625 0.0375 0.017578125
2 0.7890625 0.7666015625 0.0375 0.041015625
2 0.72734375 0.564453125 0.0421875 0.04296875
2 0.7890625 0.787109375 0.046875 0.01953125
2 0.7515625 0.57421875 0.0375 0.05078125
2 0.71875 0.482421875 0.046875 0.02734375
2 0.734375 0.51953125 0.0375 0.03125