2 0.54609375 0.31640625 0.0390625 0.01953125
2 0.546875 0.357421875 0.046875 0.0234375
2 0.553125 0.4091796875 0.034375 0.021484375
2 0.55703125 0.4462890625 0.0328125 0.025390625
2 0.5671875 0.482421875 0.03125 0.015625
2 0.565625 0.5048828125 0.034375 0.017578125
2 0.56953125 0.529296875 0.0390625 0.02734375
2 0.58515625 0.568359375 0.0390625 0.0234375
2 0.51953125 0.04296875 0.0421875 0.01953125
2 0.53359375 0.1640625 0.0421875 0.02734375
2 0.534375 0.189453125 0.040625 0.015625
2 0.6390625 0.650390625 0.015625 0.0546875
2 0.5734375 0.59375 0.04375 0.03125
2 0.578125 0.6142578125 0.04375 0.037109375
2 0.61875 0.849609375 0.0375 0.04296875
2 0.609375 0.8701171875 0.040625 0.033203125
2 0.60703125 0.9296875 0.0421875 0.015625
2 0.67421875 0.8193359375 0.0265625 0.044921875
2 0.62265625 0.642578125 0.0265625 0.046875
0 0.45234375 0.34765625 0.0140625 0.02734375
0 0.4703125 0.337890625 0.015625 0.02734375
2 0.70078125 0.8349609375 0.0328125 0.052734375