2 0.6640625 0.724609375 0.0125 0.05078125
2 0.540625 0.447265625 0.04375 0.03125
2 0.5359375 0.4072265625 0.04375 0.025390625
2 0.55625 0.494140625 0.04375 0.03125
2 0.5640625 0.5322265625 0.046875 0.037109375
2 0.4734375 0.0537109375 0.053125 0.041015625
2 0.48046875 0.1396484375 0.0453125 0.029296875
2 0.57578125 0.56640625 0.0421875 0.03125
2 0.57734375 0.5888671875 0.0484375 0.041015625
2 0.50546875 0.2578125 0.0453125 0.03125
2 0.51328125 0.283203125 0.0484375 0.02734375
2 0.58359375 0.6123046875 0.0515625 0.037109375
2 0.59375 0.6806640625 0.05 0.041015625
2 0.596875 0.6533203125 0.04375 0.037109375
2 0.64296875 0.7255859375 0.0234375 0.041015625
2 0.59375 0.701171875 0.040625 0.03515625
2 0.61640625 0.7099609375 0.0421875 0.056640625
2 0.63125 0.71484375 0.025 0.046875
2 0.66015625 0.94140625 0.0453125 0.015625
2 0.6671875 0.9208984375 0.0375 0.033203125
0 0.42421875 0.3984375 0.0203125 0.02734375
0 0.44140625 0.3857421875 0.0171875 0.033203125
2 0.70234375 0.8994140625 0.0328125 0.044921875
2 0.74765625 0.8994140625 0.0390625 0.048828125