0 0.0546875 0.5458984375 0.01875 0.029296875
0 0.46484375 0.107421875 0.0140625 0.03125
0 0.47890625 0.0927734375 0.0140625 0.021484375
2 0.62578125 0.3193359375 0.0203125 0.052734375
2 0.534375 0.0244140625 0.04375 0.017578125
2 0.54453125 0.072265625 0.0390625 0.01953125
2 0.54921875 0.111328125 0.0453125 0.0390625
2 0.56171875 0.1474609375 0.0390625 0.017578125
2 0.56015625 0.1708984375 0.0421875 0.017578125
2 0.5609375 0.1953125 0.05 0.03515625
2 0.6109375 0.3095703125 0.03125 0.052734375
2 0.56953125 0.28125 0.0421875 0.03515625
2 0.59609375 0.5830078125 0.0453125 0.017578125
2 0.5984375 0.537109375 0.04375 0.03515625
2 0.60625 0.5146484375 0.04375 0.041015625
2 0.584375 0.2958984375 0.04375 0.052734375
2 0.690625 0.5029296875 0.034375 0.052734375