0 0.33828125 0.62890625 0.0140625 0.03125
0 0.3390625 0.6025390625 0.015625 0.033203125
2 0.553125 0.291015625 0.04375 0.03515625
2 0.56796875 0.349609375 0.0484375 0.03125
2 0.76484375 0.955078125 0.0203125 0.05078125
2 0.5765625 0.4267578125 0.040625 0.025390625
2 0.6046875 0.5263671875 0.04375 0.029296875
2 0.6078125 0.55078125 0.04375 0.03125
2 0.6203125 0.603515625 0.03125 0.015625
2 0.62578125 0.6220703125 0.0328125 0.021484375
2 0.6375 0.6953125 0.040625 0.03125
2 0.63203125 0.6591796875 0.0453125 0.033203125
2 0.63203125 0.634765625 0.0421875 0.03125
2 0.6515625 0.740234375 0.04375 0.046875
2 0.66015625 0.771484375 0.0515625 0.05078125
2 0.67734375 0.8017578125 0.0359375 0.029296875
2 0.678125 0.8232421875 0.04375 0.033203125
2 0.68125 0.845703125 0.04375 0.0390625
2 0.74921875 0.9443359375 0.0265625 0.048828125
2 0.69921875 0.9228515625 0.0390625 0.048828125
2 0.71953125 0.94140625 0.0421875 0.0625