2 0.7921875 0.6123046875 0.01875 0.048828125
2 0.68203125 0.3583984375 0.0453125 0.021484375
2 0.69375 0.3984375 0.04375 0.02734375
2 0.70078125 0.4267578125 0.0421875 0.041015625
2 0.775 0.599609375 0.01875 0.046875
2 0.72734375 0.578125 0.0359375 0.0390625
2 0.678125 0.328125 0.0375 0.015625
2 0.6296875 0.0283203125 0.04375 0.033203125
2 0.68046875 0.3046875 0.0359375 0.015625
2 0.6734375 0.2861328125 0.03125 0.013671875
2 0.7453125 0.5927734375 0.034375 0.052734375
2 0.7078125 0.462890625 0.034375 0.01953125
2 0.709375 0.484375 0.034375 0.015625
2 0.71328125 0.5068359375 0.0296875 0.029296875