2 0.2921875 0.7216796875 0.028125 0.052734375
2 0.27578125 0.7216796875 0.0140625 0.052734375
2 0.22421875 0.740234375 0.0296875 0.0546875
2 0.7484375 0.376953125 0.040625 0.046875
2 0.371875 0.892578125 0.0375 0.01953125
2 0.375 0.9140625 0.040625 0.03125
2 0.71796875 0.392578125 0.0359375 0.0546875
2 0.69296875 0.4111328125 0.0265625 0.044921875
2 0.04921875 0.51171875 0.0421875 0.04296875
2 0.0625 0.529296875 0.0375 0.0390625
2 0.0828125 0.556640625 0.046875 0.046875
2 0.11171875 0.591796875 0.0421875 0.05078125
2 0.13125 0.6201171875 0.04375 0.056640625
2 0.15859375 0.6376953125 0.0390625 0.044921875
2 0.1671875 0.65625 0.04375 0.05078125
2 0.1796875 0.67578125 0.0375 0.05078125
2 0.78125 0.3427734375 0.034375 0.056640625
2 0.246875 0.73828125 0.015625 0.05078125
2 0.259375 0.7275390625 0.01875 0.044921875
2 0.7984375 0.3232421875 0.0375 0.052734375
0 0.565625 0.5791015625 0.015625 0.025390625
0 0.575 0.5966796875 0.015625 0.029296875