2 0.2953125 0.37890625 0.025 0.0546875
2 0.2765625 0.376953125 0.01875 0.046875
2 0.11484375 0.2490234375 0.0390625 0.052734375
2 0.1359375 0.271484375 0.040625 0.0546875
2 0.159375 0.294921875 0.040625 0.05078125
2 0.228125 0.3896484375 0.034375 0.060546875
2 0.0859375 0.2119140625 0.046875 0.052734375
2 0.06640625 0.1845703125 0.0421875 0.048828125
2 0.05546875 0.166015625 0.0390625 0.0390625
2 0.17109375 0.3076171875 0.0453125 0.056640625
2 0.7140625 0.0517578125 0.03125 0.048828125
2 0.2484375 0.3916015625 0.025 0.068359375
2 0.74296875 0.0380859375 0.0359375 0.048828125
2 0.375 0.5390625 0.046875 0.015625
2 0.37109375 0.5615234375 0.0421875 0.029296875
2 0.690625 0.076171875 0.0375 0.05078125