0 0.3203125 0.703125 0.015625 0.0546875
0 0.36171875 0.75390625 0.0140625 0.05078125
0 0.37421875 0.7353515625 0.0109375 0.044921875
0 0.3921875 0.74609375 0.0125 0.0546875
0 0.4171875 0.7314453125 0.015625 0.044921875
0 0.428125 0.779296875 0.0125 0.046875
0 0.60234375 0.5712890625 0.0109375 0.041015625
0 0.62890625 0.5791015625 0.0140625 0.041015625
0 0.61484375 0.5556640625 0.0109375 0.041015625
0 0.6703125 0.5751953125 0.0125 0.041015625
0 0.71640625 0.599609375 0.0109375 0.04296875
0 0.66015625 0.5576171875 0.0109375 0.025390625