0 0.34375 0.6728515625 0.01875 0.048828125
0 0.3921875 0.5927734375 0.015625 0.037109375
0 0.43671875 0.6640625 0.0109375 0.05078125
0 0.40234375 0.6962890625 0.0171875 0.044921875
0 0.44921875 0.7353515625 0.0296875 0.060546875
0 0.50078125 0.6123046875 0.0171875 0.041015625
0 0.7703125 0.2958984375 0.015625 0.037109375
0 0.7765625 0.3603515625 0.015625 0.037109375
0 0.78671875 0.419921875 0.0109375 0.05078125
0 0.82265625 0.3056640625 0.0140625 0.037109375
0 0.82578125 0.2724609375 0.0109375 0.033203125
0 0.8609375 0.3896484375 0.0125 0.052734375
0 0.61328125 0.75 0.0234375 0.046875
0 0.98046875 0.4208984375 0.0140625 0.044921875
0 0.99296875 0.404296875 0.0109375 0.05078125