0 0.03125 0.9052734375 0.034375 0.060546875
0 0.54140625 0.6357421875 0.0140625 0.052734375
0 0.584375 0.6416015625 0.021875 0.064453125
0 0.775 0.9130859375 0.01875 0.048828125
0 0.4578125 0.783203125 0.015625 0.04296875
0 0.4890625 0.7802734375 0.01875 0.048828125
0 0.84921875 0.25 0.0171875 0.03125
0 0.9421875 0.236328125 0.03125 0.05859375
0 0.9515625 0.291015625 0.021875 0.046875
0 0.6609375 0.7529296875 0.028125 0.052734375
0 0.97734375 0.298828125 0.0109375 0.046875
0 0.91953125 0.318359375 0.0203125 0.02734375
0 0.940625 0.36328125 0.0375 0.05078125
0 0.98984375 0.326171875 0.0171875 0.05078125