0 0.26015625 0.5908203125 0.0265625 0.029296875
0 0.77265625 0.015625 0.0234375 0.03125
0 0.83359375 0.0869140625 0.0296875 0.044921875
0 0.7640625 0.3955078125 0.025 0.037109375
0 0.409375 0.7607421875 0.01875 0.037109375
0 0.31328125 0.7158203125 0.0265625 0.025390625
0 0.2625 0.7421875 0.03125 0.04296875
0 0.2765625 0.7060546875 0.03125 0.041015625
0 0.5671875 0.974609375 0.025 0.046875
0 0.3171875 0.62890625 0.025 0.05078125
0 0.75234375 0.1982421875 0.0171875 0.044921875
0 0.77890625 0.20703125 0.0234375 0.05859375
0 0.88828125 0.09375 0.0234375 0.04296875
0 0.8 0.2080078125 0.01875 0.041015625