0 0.35625 0.65625 0.015625 0.04296875
0 0.390625 0.64453125 0.0125 0.046875
0 0.38828125 0.5703125 0.0140625 0.04296875
0 0.35703125 0.7939453125 0.0140625 0.044921875
0 0.66953125 0.33203125 0.0140625 0.0390625
0 0.69296875 0.314453125 0.0171875 0.04296875
0 0.6859375 0.4140625 0.028125 0.04296875
0 0.7078125 0.416015625 0.01875 0.046875
0 0.60234375 0.73046875 0.0171875 0.0390625
0 0.859375 0.3994140625 0.015625 0.041015625
0 0.4640625 0.640625 0.015625 0.04296875
0 0.49765625 0.5546875 0.0265625 0.0546875