0 0.3015625 0.6884765625 0.021875 0.044921875
0 0.39609375 0.6376953125 0.0171875 0.044921875
0 0.40625 0.677734375 0.015625 0.04296875
0 0.428125 0.658203125 0.0125 0.046875
0 0.67265625 0.4033203125 0.0171875 0.041015625
0 0.71484375 0.427734375 0.0140625 0.046875
0 0.70546875 0.337890625 0.0140625 0.0390625
0 0.71796875 0.3603515625 0.0171875 0.041015625
0 0.88203125 0.4111328125 0.0140625 0.041015625
0 0.76640625 0.3212890625 0.0234375 0.044921875
0 0.45078125 0.650390625 0.0234375 0.05078125