0 0.33359375 0.5478515625 0.0140625 0.048828125
0 0.34765625 0.6259765625 0.0140625 0.052734375
0 0.375 0.6552734375 0.0125 0.052734375
0 0.4015625 0.7529296875 0.01875 0.037109375
0 0.43125 0.662109375 0.01875 0.046875
0 0.44609375 0.6328125 0.0140625 0.04296875
0 0.57578125 0.7197265625 0.0109375 0.048828125
0 0.69765625 0.359375 0.0140625 0.05078125
0 0.721875 0.3154296875 0.015625 0.041015625
0 0.73125 0.4072265625 0.015625 0.037109375
0 0.85703125 0.388671875 0.0109375 0.04296875
0 0.8375 0.4130859375 0.0125 0.037109375
0 0.75625 0.40234375 0.0125 0.03125