0 0.1515625 0.673828125 0.021875 0.05078125
0 0.20234375 0.8095703125 0.0203125 0.048828125
0 0.240625 0.8427734375 0.025 0.041015625
0 0.28515625 0.7607421875 0.0140625 0.041015625
0 0.753125 0.1123046875 0.021875 0.048828125
0 0.81640625 0.205078125 0.0203125 0.0390625
0 0.81953125 0.3779296875 0.0171875 0.056640625
0 0.8578125 0.513671875 0.01875 0.05078125
0 0.5828125 0.8876953125 0.034375 0.044921875
0 0.828125 0.3232421875 0.01875 0.041015625
0 0.86484375 0.26953125 0.0171875 0.046875
0 0.8765625 0.255859375 0.015625 0.04296875
0 0.41171875 0.802734375 0.0203125 0.0390625
0 0.4359375 0.8134765625 0.021875 0.041015625