0 0.29453125 0.671875 0.0140625 0.046875
0 0.34453125 0.7041015625 0.0171875 0.044921875
0 0.38046875 0.7607421875 0.0140625 0.048828125
0 0.38671875 0.7275390625 0.0140625 0.033203125
0 0.578125 0.56640625 0.0125 0.046875
0 0.60078125 0.57421875 0.0140625 0.05078125
0 0.6203125 0.58984375 0.0125 0.04296875
0 0.6375 0.5673828125 0.009375 0.041015625
0 0.64921875 0.55859375 0.0140625 0.0390625
0 0.4859375 0.755859375 0.01875 0.0390625
0 0.7265625 0.6025390625 0.015625 0.052734375
0 0.4421875 0.755859375 0.015625 0.0390625