0 0.18671875 0.5517578125 0.0203125 0.056640625
0 0.23359375 0.537109375 0.0203125 0.0390625
0 0.23046875 0.599609375 0.0171875 0.0546875
0 0.29765625 0.60546875 0.0171875 0.0390625
0 0.6265625 0.35546875 0.021875 0.0546875
0 0.63515625 0.3134765625 0.0171875 0.044921875
0 0.72265625 0.32421875 0.0234375 0.0546875
0 0.8390625 0.3193359375 0.0125 0.044921875
0 0.82890625 0.3427734375 0.0171875 0.044921875
0 0.53359375 0.83203125 0.0203125 0.04296875
0 0.475 0.6923828125 0.025 0.044921875
0 0.73046875 0.2705078125 0.0171875 0.033203125