0 0.63359375 0.2373046875 0.0234375 0.044921875
0 0.76640625 0.2197265625 0.0171875 0.056640625
0 0.69765625 0.3408203125 0.0203125 0.052734375
0 0.75859375 0.3056640625 0.0234375 0.060546875
0 0.79765625 0.583984375 0.0265625 0.04296875
0 0.7671875 0.4765625 0.03125 0.05078125
0 0.28984375 0.8212890625 0.0234375 0.048828125
0 0.29765625 0.86328125 0.0171875 0.03515625
0 0.534375 0.9697265625 0.028125 0.044921875
0 0.7359375 0.953125 0.028125 0.05078125
0 0.37578125 0.9599609375 0.0421875 0.044921875