0 0.634375 0.271484375 0.01875 0.046875
0 0.7171875 0.380859375 0.01875 0.0546875
0 0.7125 0.2177734375 0.015625 0.037109375
0 0.74375 0.2587890625 0.015625 0.048828125
0 0.76328125 0.4189453125 0.0171875 0.048828125
0 0.8953125 0.380859375 0.015625 0.046875
0 0.87734375 0.3974609375 0.0140625 0.048828125
0 0.7640625 0.361328125 0.01875 0.046875
0 0.62265625 0.84765625 0.0171875 0.046875
0 0.39140625 0.6689453125 0.0171875 0.052734375
0 0.31484375 0.7001953125 0.0296875 0.041015625
0 0.35859375 0.7080078125 0.0265625 0.044921875
0 0.41484375 0.689453125 0.0171875 0.05078125