0 0.32890625 0.240234375 0.0171875 0.05859375
0 0.359375 0.2578125 0.021875 0.05078125
0 0.38046875 0.2734375 0.0140625 0.05078125
0 0.1765625 0.7060546875 0.025 0.029296875
0 0.24921875 0.6123046875 0.0140625 0.052734375
0 0.25546875 0.6953125 0.0265625 0.0546875
0 0.3140625 0.7099609375 0.03125 0.044921875
0 0.1921875 0.822265625 0.015625 0.05078125
0 0.23671875 0.8017578125 0.0203125 0.060546875
0 0.5890625 0.9345703125 0.01875 0.041015625
0 0.65390625 0.1904296875 0.0140625 0.060546875
0 0.7046875 0.240234375 0.015625 0.046875
0 0.8921875 0.2646484375 0.0125 0.041015625
0 0.87890625 0.302734375 0.0171875 0.046875
0 0.4234375 0.833984375 0.015625 0.0390625
0 0.496875 0.7626953125 0.021875 0.048828125