0 0.328125 0.6279296875 0.015625 0.044921875
0 0.38046875 0.646484375 0.0171875 0.0546875
0 0.596875 0.75390625 0.0125 0.04296875
0 0.68125 0.4287109375 0.015625 0.052734375
0 0.634375 0.3095703125 0.015625 0.037109375
0 0.6765625 0.3427734375 0.015625 0.044921875
0 0.753125 0.38671875 0.015625 0.0546875
0 0.7765625 0.388671875 0.015625 0.05078125
0 0.859375 0.4091796875 0.0125 0.052734375
0 0.315625 0.845703125 0.01875 0.0390625
0 0.4359375 0.53515625 0.01875 0.03125
0 0.43359375 0.6142578125 0.0171875 0.048828125
0 0.83828125 0.4228515625 0.0140625 0.037109375