0 0.28515625 0.296875 0.0171875 0.046875
0 0.178125 0.759765625 0.028125 0.0546875
0 0.30703125 0.333984375 0.0171875 0.04296875
0 0.32265625 0.3466796875 0.0140625 0.056640625
0 0.2734375 0.6689453125 0.021875 0.052734375
0 0.2578125 0.7490234375 0.015625 0.056640625
0 0.29609375 0.763671875 0.0265625 0.0546875
0 0.315625 0.6826171875 0.034375 0.064453125
0 0.696875 0.26171875 0.015625 0.046875
0 0.8859375 0.2314453125 0.015625 0.044921875
0 0.72265625 0.1044921875 0.0171875 0.048828125
0 0.71328125 0.142578125 0.0171875 0.046875
0 0.675 0.212890625 0.0125 0.05078125
0 0.5796875 0.15234375 0.025 0.0390625
0 0.87109375 0.265625 0.0140625 0.05859375