0 0.0671875 0.7880859375 0.021875 0.052734375
0 0.12421875 0.9140625 0.0234375 0.05859375
0 0.1390625 0.9462890625 0.021875 0.052734375
0 0.4546875 0.7265625 0.021875 0.04296875
0 0.48046875 0.76171875 0.0140625 0.05078125
0 0.5484375 0.591796875 0.025 0.0546875
0 0.5765625 0.51953125 0.01875 0.05078125
0 0.91171875 0.0849609375 0.0328125 0.033203125
0 0.9265625 0.2216796875 0.025 0.064453125
0 0.9046875 0.30859375 0.021875 0.0703125
0 0.65703125 0.7431640625 0.0265625 0.041015625
0 0.5828125 0.806640625 0.021875 0.05078125
0 0.74609375 0.9111328125 0.0296875 0.044921875