0 0.23984375 0.5654296875 0.0234375 0.029296875
0 0.1265625 0.75390625 0.028125 0.04296875
0 0.2671875 0.6689453125 0.025 0.037109375
0 0.21953125 0.7353515625 0.0390625 0.037109375
0 0.37890625 0.78125 0.0171875 0.02734375
0 0.78046875 0.1533203125 0.0328125 0.041015625
0 0.22734375 0.6142578125 0.0328125 0.029296875
0 0.884375 0.14453125 0.021875 0.03515625
0 0.8484375 0.21484375 0.01875 0.02734375
0 0.740625 0.4501953125 0.021875 0.033203125
0 0.75625 0.443359375 0.015625 0.0234375
0 0.7984375 0.1982421875 0.034375 0.044921875