0 0.2953125 0.7197265625 0.0125 0.048828125
0 0.32265625 0.7470703125 0.0109375 0.037109375
0 0.33828125 0.7841796875 0.0140625 0.052734375
0 0.359375 0.7890625 0.015625 0.05078125
0 0.40859375 0.7880859375 0.0140625 0.048828125
0 0.41796875 0.787109375 0.0109375 0.0390625
0 0.60234375 0.6220703125 0.0140625 0.052734375
0 0.6265625 0.603515625 0.0125 0.046875
0 0.65390625 0.6181640625 0.0109375 0.037109375
0 0.66796875 0.6162109375 0.0109375 0.037109375
0 0.57265625 0.6220703125 0.0171875 0.029296875
0 0.43984375 0.8193359375 0.0140625 0.048828125