0 0.315625 0.6318359375 0.0125 0.052734375
0 0.58203125 0.5498046875 0.0140625 0.044921875
0 0.5765625 0.498046875 0.0125 0.046875
0 0.6 0.513671875 0.009375 0.04296875
0 0.62109375 0.4853515625 0.0109375 0.044921875
0 0.63828125 0.5361328125 0.0171875 0.044921875
0 0.37734375 0.6689453125 0.0171875 0.044921875
0 0.46640625 0.662109375 0.0109375 0.04296875
0 0.39921875 0.6845703125 0.0171875 0.052734375
0 0.44140625 0.720703125 0.0140625 0.046875
0 0.69375 0.5732421875 0.009375 0.044921875
0 0.71953125 0.5498046875 0.0140625 0.052734375
0 0.4859375 0.705078125 0.015625 0.046875