0 0.765625 0.2490234375 0.03125 0.060546875
2 0.69453125 0.30859375 0.0546875 0.046875
2 0.71328125 0.458984375 0.0609375 0.06640625
2 0.7078125 0.48828125 0.05625 0.0546875
2 0.70625 0.5634765625 0.0625 0.060546875
2 0.69765625 0.6298828125 0.0484375 0.048828125
2 0.70546875 0.6767578125 0.0484375 0.048828125
2 0.7078125 0.7138671875 0.05 0.044921875
2 0.71015625 0.7626953125 0.0515625 0.048828125
2 0.82578125 0.912109375 0.0640625 0.07421875
2 0.77421875 0.654296875 0.0296875 0.0390625
2 0.78828125 0.828125 0.0296875 0.046875
2 0.77734375 0.7587890625 0.0234375 0.033203125
2 0.7828125 0.4931640625 0.021875 0.048828125