0 0.13828125 0.291015625 0.0171875 0.03515625
0 0.9609375 0.15234375 0.015625 0.02734375
0 0.98828125 0.1533203125 0.0109375 0.033203125
0 0.2796875 0.4580078125 0.01875 0.044921875
0 0.30703125 0.4619140625 0.0203125 0.041015625
0 0.34140625 0.4658203125 0.0171875 0.041015625
0 0.36015625 0.509765625 0.0140625 0.03125
0 0.39140625 0.490234375 0.0140625 0.03515625
0 0.384375 0.5517578125 0.015625 0.033203125
0 0.53125 0.361328125 0.01875 0.03125
0 0.60078125 0.34765625 0.0171875 0.03515625
0 0.7390625 0.3525390625 0.015625 0.033203125