0 0.98515625 0.2470703125 0.0140625 0.029296875
0 0.1265625 0.466796875 0.015625 0.0390625
0 0.31953125 0.6103515625 0.0203125 0.033203125
0 0.27421875 0.662109375 0.0203125 0.04296875
0 0.3109375 0.6591796875 0.015625 0.037109375
0 0.33125 0.654296875 0.015625 0.03125
0 0.34375 0.62890625 0.01875 0.03125
0 0.371875 0.673828125 0.015625 0.03515625
0 0.40234375 0.666015625 0.0171875 0.0546875
0 0.41640625 0.7568359375 0.0203125 0.037109375
0 0.57421875 0.43359375 0.0140625 0.03125
0 0.64765625 0.4541015625 0.0171875 0.033203125
0 0.5984375 0.4990234375 0.021875 0.021484375