2 0.61015625 0.1640625 0.0515625 0.0390625
2 0.61484375 0.2080078125 0.0578125 0.037109375
2 0.59921875 0.275390625 0.0578125 0.04296875
2 0.6078125 0.3095703125 0.04375 0.037109375
2 0.61875 0.3525390625 0.065625 0.048828125
2 0.6265625 0.3955078125 0.0625 0.056640625
2 0.60703125 0.4619140625 0.0703125 0.076171875
2 0.6265625 0.5556640625 0.06875 0.056640625
2 0.6328125 0.611328125 0.053125 0.04296875
2 0.62890625 0.6728515625 0.0671875 0.060546875
2 0.6921875 0.197265625 0.05 0.0390625
2 0.7140625 0.4921875 0.053125 0.0546875
2 0.7234375 0.6669921875 0.05 0.048828125
2 0.70390625 0.724609375 0.0453125 0.0546875
2 0.73671875 0.74609375 0.0515625 0.05859375
2 0.7390625 0.7763671875 0.05 0.033203125
2 0.7890625 0.900390625 0.0625 0.08203125