0 0.69296875 0.197265625 0.0265625 0.03515625
0 0.89765625 0.2431640625 0.0234375 0.033203125
0 0.88203125 0.294921875 0.0234375 0.03515625
0 0.76171875 0.3564453125 0.0171875 0.037109375
0 0.68671875 0.333984375 0.0234375 0.03125
0 0.93125 0.4423828125 0.01875 0.041015625
0 0.3984375 0.8017578125 0.040625 0.052734375
0 0.41171875 0.8583984375 0.0203125 0.029296875
0 0.5390625 0.8701171875 0.028125 0.044921875
0 0.34921875 0.90625 0.0265625 0.03125
0 0.19375 0.87109375 0.025 0.0390625
0 0.31484375 0.9404296875 0.0265625 0.029296875
0 0.58984375 0.9833984375 0.0296875 0.025390625