0 0.47578125 0.4326171875 0.0234375 0.064453125
0 0.45 0.6123046875 0.025 0.064453125
0 0.5125 0.337890625 0.021875 0.05859375
2 0.5703125 0.75390625 0.053125 0.0390625
2 0.56484375 0.654296875 0.0515625 0.046875
2 0.5515625 0.572265625 0.05625 0.0625
2 0.5671875 0.7001953125 0.053125 0.052734375
2 0.55859375 0.4892578125 0.0609375 0.052734375
2 0.540625 0.44140625 0.046875 0.0546875
2 0.55 0.3759765625 0.04375 0.033203125
2 0.5265625 0.1484375 0.0625 0.06640625
2 0.5546875 0.3369140625 0.065625 0.072265625
2 0.6265625 0.3681640625 0.05 0.037109375
2 0.6625 0.81640625 0.0625 0.05859375
2 0.7125 0.931640625 0.06875 0.08203125