0 0.6703125 0.1220703125 0.025 0.056640625
0 0.60859375 0.1435546875 0.0265625 0.048828125
0 0.55078125 0.17578125 0.0390625 0.05859375
2 0.596875 0.275390625 0.06875 0.0625
2 0.59375 0.32421875 0.05 0.046875
2 0.59921875 0.3701171875 0.0390625 0.041015625
2 0.61328125 0.4541015625 0.0671875 0.076171875
2 0.6234375 0.5439453125 0.0625 0.064453125
2 0.6265625 0.5927734375 0.06875 0.048828125
2 0.61328125 0.6650390625 0.0609375 0.044921875
2 0.62265625 0.701171875 0.0453125 0.03515625
2 0.63203125 0.75 0.0734375 0.05859375
2 0.63984375 0.7900390625 0.0484375 0.044921875
2 0.621875 0.861328125 0.05 0.0546875
2 0.71328125 0.521484375 0.0515625 0.0390625
2 0.715625 0.58203125 0.05625 0.05078125
2 0.73203125 0.904296875 0.0515625 0.0546875
2 0.62265625 0.8974609375 0.0609375 0.033203125