0 0.340625 0.5908203125 0.040625 0.044921875
0 0.2328125 0.62890625 0.021875 0.0390625
0 0.37578125 0.6728515625 0.0296875 0.025390625
0 0.33515625 0.75 0.0328125 0.03125
0 0.4359375 0.755859375 0.028125 0.03515625
0 0.5796875 0.8662109375 0.03125 0.033203125
0 0.5328125 0.8974609375 0.034375 0.037109375
0 0.646875 0.2958984375 0.021875 0.033203125
0 0.6953125 0.2724609375 0.03125 0.044921875
0 0.77421875 0.1376953125 0.0328125 0.037109375
0 0.76640625 0.20703125 0.0359375 0.0390625
0 0.7984375 0.205078125 0.034375 0.0390625
0 0.52578125 0.9755859375 0.0265625 0.029296875