0 0.45078125 0.16796875 0.0265625 0.05859375
0 0.36328125 0.1181640625 0.0296875 0.052734375
0 0.37734375 0.15625 0.0234375 0.0546875
0 0.40859375 0.259765625 0.0234375 0.0546875
0 0.3109375 0.2470703125 0.025 0.048828125
0 0.51640625 0.2900390625 0.0203125 0.048828125
0 0.50859375 0.421875 0.0265625 0.05078125
0 0.628125 0.4951171875 0.025 0.048828125
0 0.76328125 0.1259765625 0.0296875 0.048828125
0 0.0703125 0.7529296875 0.028125 0.048828125
0 0.846875 0.09375 0.028125 0.04296875
0 0.74296875 0.0107421875 0.0171875 0.021484375