0 0.0359375 0.23046875 0.015625 0.0390625
0 0.278125 0.3173828125 0.015625 0.025390625
0 0.2484375 0.3642578125 0.025 0.044921875
0 0.3078125 0.3447265625 0.0125 0.033203125
0 0.296875 0.373046875 0.015625 0.03125
0 0.38828125 0.43359375 0.0140625 0.03515625
0 0.33359375 0.3583984375 0.0109375 0.021484375
0 0.38671875 0.3818359375 0.0109375 0.025390625
0 0.43203125 0.4609375 0.0140625 0.0390625
0 0.54609375 0.2646484375 0.0140625 0.033203125
0 0.5328125 0.2734375 0.0125 0.0390625
0 0.5953125 0.25390625 0.0125 0.03125
0 0.5953125 0.3056640625 0.021875 0.033203125