0 0.2640625 0.2705078125 0.025 0.056640625
0 0.39296875 0.677734375 0.0359375 0.0625
0 0.4484375 0.7373046875 0.028125 0.052734375
0 0.5453125 0.7177734375 0.03125 0.052734375
0 0.5375 0.7548828125 0.028125 0.048828125
0 0.47890625 0.8603515625 0.0265625 0.052734375
0 0.44296875 0.88671875 0.0359375 0.06640625
0 0.59140625 0.8857421875 0.0328125 0.048828125
0 0.859375 0.7119140625 0.034375 0.052734375
0 0.8625 0.5537109375 0.03125 0.052734375
0 0.88671875 0.58203125 0.0328125 0.0625
0 0.94296875 0.4853515625 0.0359375 0.052734375
0 0.93046875 0.513671875 0.0265625 0.03515625