0 0.10625 0.2080078125 0.021875 0.041015625
0 0.92890625 0.0576171875 0.0171875 0.025390625
0 0.96484375 0.0927734375 0.0171875 0.037109375
0 0.903125 0.0966796875 0.015625 0.033203125
0 0.52890625 0.271484375 0.0171875 0.0390625
0 0.5515625 0.2783203125 0.015625 0.033203125
0 0.55625 0.287109375 0.01875 0.03125
0 0.584375 0.263671875 0.01875 0.03125
0 0.3046875 0.400390625 0.025 0.04296875
0 0.315625 0.3486328125 0.01875 0.037109375
0 0.28125 0.400390625 0.025 0.04296875
0 0.3453125 0.369140625 0.015625 0.03515625
0 0.37578125 0.4853515625 0.0140625 0.025390625