0 0.3734375 0.1357421875 0.025 0.060546875
0 0.69765625 0.341796875 0.0203125 0.0625
0 0.73359375 0.6259765625 0.0171875 0.056640625
2 0.746875 0.1826171875 0.046875 0.037109375
2 0.74609375 0.220703125 0.0359375 0.02734375
2 0.75234375 0.314453125 0.0453125 0.046875
2 0.7484375 0.3779296875 0.040625 0.033203125
2 0.75078125 0.34375 0.0421875 0.04296875
2 0.75390625 0.4169921875 0.0515625 0.041015625
2 0.74296875 0.46484375 0.0421875 0.04296875
2 0.74765625 0.5068359375 0.0421875 0.037109375
2 0.75234375 0.541015625 0.0390625 0.03125
2 0.7546875 0.5849609375 0.05 0.052734375
2 0.85234375 0.70703125 0.0484375 0.05078125
2 0.8609375 0.7216796875 0.04375 0.044921875
2 0.821875 0.640625 0.0375 0.03125
2 0.81796875 0.341796875 0.0453125 0.03515625
2 0.81171875 0.60546875 0.0390625 0.02734375
2 0.8140625 0.4951171875 0.028125 0.025390625