0 0.75078125 0.1279296875 0.0359375 0.052734375
0 0.75546875 0.232421875 0.0265625 0.046875
0 0.80078125 0.234375 0.0265625 0.0390625
0 0.78125 0.2802734375 0.01875 0.041015625
0 0.83203125 0.2490234375 0.0234375 0.048828125
0 0.34921875 0.5830078125 0.0296875 0.044921875
0 0.32109375 0.6552734375 0.0265625 0.041015625
0 0.30859375 0.71875 0.0296875 0.03515625
0 0.28984375 0.8359375 0.0265625 0.0390625
0 0.490625 0.7890625 0.034375 0.046875
0 0.5296875 0.8564453125 0.021875 0.033203125
0 0.81640625 0.4404296875 0.0265625 0.037109375