0 0.6796875 0.0498046875 0.03125 0.037109375
0 0.74296875 0.0908203125 0.0265625 0.037109375
0 0.89765625 0.150390625 0.0234375 0.04296875
0 0.80546875 0.212890625 0.0234375 0.03515625
0 0.7796875 0.251953125 0.03125 0.046875
0 0.29375 0.6005859375 0.01875 0.033203125
0 0.3296875 0.7060546875 0.021875 0.044921875
0 0.53828125 0.708984375 0.0171875 0.03515625
0 0.40625 0.736328125 0.028125 0.0390625
0 0.53984375 0.79296875 0.0265625 0.03515625
0 0.63125 0.9541015625 0.025 0.033203125
0 0.85546875 0.322265625 0.0328125 0.05078125
0 0.87578125 0.2080078125 0.0328125 0.041015625