0 0.20625 0.3857421875 0.01875 0.041015625
0 0.6671875 0.4697265625 0.01875 0.037109375
0 0.3296875 0.654296875 0.015625 0.03515625
0 0.3453125 0.6689453125 0.01875 0.044921875
0 0.36484375 0.693359375 0.0140625 0.03125
0 0.46640625 0.728515625 0.0171875 0.03125
0 0.50859375 0.8310546875 0.0234375 0.044921875
0 0.44296875 0.869140625 0.0171875 0.03515625
0 0.721875 0.51953125 0.021875 0.03515625
0 0.678125 0.5947265625 0.021875 0.044921875
0 0.640625 0.4599609375 0.015625 0.037109375
0 0.62734375 0.52734375 0.0171875 0.0234375