0 0.090625 0.3076171875 0.03125 0.060546875
0 0.71875 0.275390625 0.028125 0.046875
0 0.8484375 0.2802734375 0.01875 0.044921875
0 0.8578125 0.3193359375 0.015625 0.037109375
0 0.48203125 0.5400390625 0.0265625 0.041015625
0 0.48359375 0.6298828125 0.0265625 0.056640625
0 0.45234375 0.64453125 0.0265625 0.0546875
0 0.4546875 0.6943359375 0.028125 0.052734375
0 0.5796875 0.7080078125 0.028125 0.056640625
0 0.796875 0.37890625 0.021875 0.05078125
0 0.83515625 0.5341796875 0.0328125 0.060546875
0 0.5578125 0.9443359375 0.028125 0.048828125
0 0.45 0.93359375 0.034375 0.05078125
0 0.390625 0.5927734375 0.021875 0.029296875