0 0.01953125 0.310546875 0.0265625 0.04296875
0 0.671875 0.310546875 0.01875 0.046875
0 0.6484375 0.328125 0.015625 0.03515625
0 0.69765625 0.3603515625 0.0171875 0.048828125
0 0.653125 0.4365234375 0.015625 0.041015625
0 0.7203125 0.34375 0.01875 0.04296875
0 0.74375 0.4052734375 0.0125 0.033203125
0 0.340625 0.4775390625 0.025 0.037109375
0 0.42265625 0.4912109375 0.0203125 0.041015625
0 0.34765625 0.5322265625 0.0234375 0.037109375
0 0.36875 0.5546875 0.028125 0.0390625
0 0.396875 0.5439453125 0.021875 0.037109375
0 0.3515625 0.57421875 0.01875 0.0390625
0 0.4484375 0.552734375 0.021875 0.04296875
0 0.45078125 0.6015625 0.0203125 0.0390625
0 0.721875 0.4150390625 0.015625 0.029296875
0 0.3875 0.7275390625 0.040625 0.048828125
0 0.5140625 0.7041015625 0.01875 0.037109375