0 0.3484375 0.0673828125 0.01875 0.052734375
0 0.3765625 0.1220703125 0.01875 0.048828125
0 0.3203125 0.1865234375 0.01875 0.033203125
0 0.47421875 0.134765625 0.0234375 0.0546875
0 0.50390625 0.2177734375 0.0203125 0.048828125
0 0.421875 0.1904296875 0.01875 0.052734375
0 0.515625 0.275390625 0.01875 0.0390625
0 0.52109375 0.34765625 0.0203125 0.05078125
0 0.5109375 0.4013671875 0.021875 0.041015625
0 0.74609375 0.0712890625 0.0296875 0.060546875
0 0.82421875 0.0341796875 0.0265625 0.044921875
0 0.0671875 0.68359375 0.028125 0.05078125