0 0.88984375 0.1201171875 0.0265625 0.048828125
0 0.9453125 0.146484375 0.021875 0.05078125
0 0.98359375 0.0810546875 0.0265625 0.048828125
0 0.5265625 0.466796875 0.025 0.0390625
0 0.48828125 0.4814453125 0.0234375 0.041015625
0 0.47734375 0.5849609375 0.0171875 0.044921875
0 0.5390625 0.560546875 0.021875 0.03515625
0 0.5765625 0.5458984375 0.01875 0.033203125
0 0.77890625 0.9599609375 0.0265625 0.037109375
0 0.646875 0.6171875 0.01875 0.03125
0 0.60078125 0.6708984375 0.0203125 0.033203125
0 0.5671875 0.7333984375 0.021875 0.033203125