0 0.43984375 0.3818359375 0.0265625 0.064453125
0 0.46171875 0.53515625 0.0296875 0.05859375
0 0.86171875 0.94921875 0.0296875 0.05859375
2 0.69140625 0.68359375 0.0640625 0.078125
2 0.6375 0.578125 0.0375 0.03515625
2 0.6203125 0.3779296875 0.0375 0.037109375
2 0.62734375 0.505859375 0.0390625 0.0390625
2 0.61015625 0.1669921875 0.0359375 0.037109375
2 0.54296875 0.1748046875 0.0453125 0.029296875
2 0.5390625 0.1396484375 0.053125 0.048828125
2 0.53359375 0.220703125 0.0546875 0.046875
2 0.54453125 0.28125 0.0546875 0.046875
2 0.5359375 0.3544921875 0.04375 0.044921875
2 0.55 0.421875 0.046875 0.0390625
2 0.55234375 0.517578125 0.0484375 0.0390625