0 0.00859375 0.0654296875 0.0171875 0.060546875
0 0.81015625 0.1689453125 0.0171875 0.041015625
0 0.7953125 0.119140625 0.021875 0.0390625
0 0.83203125 0.19921875 0.0265625 0.046875
0 0.7734375 0.1787109375 0.021875 0.048828125
0 0.7265625 0.1875 0.01875 0.0546875
0 0.79765625 0.3408203125 0.0203125 0.044921875
0 0.975 0.5654296875 0.025 0.048828125
0 0.5125 0.4052734375 0.025 0.052734375
0 0.5421875 0.501953125 0.021875 0.046875
0 0.42109375 0.478515625 0.0296875 0.05078125
0 0.65625 0.7177734375 0.028125 0.044921875
0 0.521875 0.7646484375 0.034375 0.044921875