0 0.34375 0.1103515625 0.021875 0.052734375
0 0.90078125 0.28515625 0.0359375 0.05078125
0 0.8984375 0.35546875 0.021875 0.03125
0 0.9640625 0.3662109375 0.025 0.037109375
0 0.9109375 0.3857421875 0.028125 0.037109375
0 0.9546875 0.40625 0.0375 0.05078125
0 0.43984375 0.7470703125 0.0234375 0.041015625
0 0.4984375 0.7490234375 0.021875 0.048828125
0 0.53125 0.736328125 0.025 0.05859375
0 0.53671875 0.693359375 0.0296875 0.03125
0 0.63125 0.7431640625 0.01875 0.041015625
0 0.62890625 0.9521484375 0.0234375 0.044921875
0 0.63203125 0.84375 0.0203125 0.0390625