0 0.1078125 0.3017578125 0.0375 0.060546875
0 0.42421875 0.6337890625 0.0328125 0.060546875
0 0.4984375 0.6767578125 0.025 0.044921875
0 0.50859375 0.7021484375 0.0234375 0.048828125
0 0.4421875 0.7626953125 0.025 0.048828125
0 0.4390625 0.806640625 0.028125 0.0546875
0 0.58359375 0.810546875 0.0234375 0.046875
0 0.85234375 0.6357421875 0.0296875 0.048828125
0 0.64140625 0.984375 0.0234375 0.02734375
0 0.8953125 0.44140625 0.03125 0.0546875
0 0.87265625 0.4150390625 0.0328125 0.041015625
0 0.865625 0.3759765625 0.025 0.044921875
0 0.8078125 0.4482421875 0.028125 0.044921875