0 0.765625 0.3232421875 0.021875 0.033203125
0 0.7859375 0.3798828125 0.028125 0.037109375
0 0.728125 0.4951171875 0.03125 0.048828125
0 0.76796875 0.470703125 0.0328125 0.0546875
0 0.80546875 0.4951171875 0.0421875 0.052734375
0 0.825 0.4619140625 0.03125 0.048828125
0 0.9484375 0.517578125 0.021875 0.0390625
0 0.26015625 0.8623046875 0.0359375 0.033203125
0 0.41875 0.8916015625 0.021875 0.029296875
0 0.32265625 0.9404296875 0.0359375 0.044921875
0 0.40234375 0.931640625 0.0203125 0.03125
0 0.53984375 0.984375 0.0265625 0.02734375