0 0.4453125 0.146484375 0.021875 0.046875
1 0.0140625 0.3740234375 0.028125 0.099609375
1 0.0796875 0.3525390625 0.06875 0.119140625
1 0.16796875 0.3359375 0.0515625 0.08984375
1 0.25 0.32421875 0.059375 0.10546875
1 0.334375 0.3115234375 0.0625 0.095703125
1 0.40078125 0.296875 0.0671875 0.10546875
1 0.56328125 0.2646484375 0.0671875 0.107421875
1 0.82734375 0.3017578125 0.0765625 0.119140625
1 0.4375 0.3837890625 0.084375 0.138671875
1 0.07265625 0.4599609375 0.0734375 0.115234375
1 0.278125 0.6708984375 0.08125 0.142578125
1 0.0203125 0.7255859375 0.040625 0.123046875
1 0.5890625 0.603515625 0.075 0.1328125
1 0.65 0.5927734375 0.06875 0.119140625
1 0.7796875 0.568359375 0.06875 0.1171875
1 0.8375 0.5625 0.08125 0.125
1 0.7484375 0.7119140625 0.06875 0.130859375
1 0.43046875 0.77734375 0.0828125 0.14453125
1 0.30234375 0.7978515625 0.0703125 0.138671875
1 0.2296875 0.7958984375 0.053125 0.087890625