0 0.85546875 0.0498046875 0.0203125 0.037109375
0 0.809375 0.0966796875 0.021875 0.044921875
0 0.9421875 0.0791015625 0.028125 0.052734375
0 0.88203125 0.0869140625 0.0265625 0.044921875
0 0.84921875 0.17578125 0.0171875 0.02734375
0 0.87421875 0.2080078125 0.0265625 0.044921875
0 0.60546875 0.37109375 0.0171875 0.03125
0 0.6140625 0.4150390625 0.021875 0.037109375
0 0.53203125 0.4375 0.0234375 0.0390625
0 0.6 0.5087890625 0.025 0.048828125
0 0.56484375 0.51171875 0.0265625 0.05078125
0 0.66796875 0.6025390625 0.0296875 0.052734375
0 0.66015625 0.5078125 0.0140625 0.03515625