0 0.23828125 0.2265625 0.0234375 0.02734375
0 0.90234375 0.0615234375 0.0234375 0.025390625
0 0.94296875 0.1513671875 0.0234375 0.056640625
0 0.82578125 0.2158203125 0.0484375 0.033203125
0 0.584375 0.6689453125 0.015625 0.021484375
0 0.61875 0.6611328125 0.034375 0.044921875
0 0.746875 0.734375 0.021875 0.03515625
0 0.63671875 0.7177734375 0.0390625 0.048828125
0 0.58359375 0.7490234375 0.0328125 0.041015625
0 0.584375 0.818359375 0.034375 0.02734375
0 0.734375 0.873046875 0.04375 0.0546875
0 0.7875 0.4619140625 0.01875 0.037109375