0 0.196875 0.2734375 0.021875 0.04296875
0 0.06875 0.2392578125 0.015625 0.017578125
0 0.865625 0.0234375 0.021875 0.04296875
0 0.928125 0.0888671875 0.021875 0.041015625
0 0.88046875 0.17578125 0.0234375 0.046875
0 0.9265625 0.1796875 0.025 0.02734375
0 0.93515625 0.1982421875 0.0171875 0.029296875
0 0.9625 0.1728515625 0.04375 0.048828125
0 0.715625 0.3916015625 0.0375 0.052734375
0 0.7109375 0.5283203125 0.025 0.033203125
0 0.646875 0.638671875 0.028125 0.03515625
0 0.76953125 0.751953125 0.0296875 0.0390625
0 0.65546875 0.72265625 0.0265625 0.0390625
0 0.6234375 0.728515625 0.01875 0.03125
0 0.62109375 0.5947265625 0.0265625 0.037109375
0 0.55234375 0.8154296875 0.0359375 0.044921875
0 0.7390625 0.890625 0.040625 0.05078125
0 0.7078125 0.83984375 0.025 0.04296875