1 0.034375 0.43359375 0.053125 0.06640625
1 0.01484375 0.458984375 0.0296875 0.04296875
0 0.015625 0.3974609375 0.015625 0.033203125
0 0.3078125 0.6845703125 0.015625 0.037109375
0 0.76015625 0.2626953125 0.0203125 0.037109375
0 0.77421875 0.6708984375 0.0109375 0.025390625
0 0.7609375 0.6728515625 0.0125 0.029296875
0 0.74140625 0.6982421875 0.0171875 0.033203125
0 0.6984375 0.7275390625 0.0125 0.025390625
0 0.5171875 0.8125 0.01875 0.02734375
0 0.50078125 0.8427734375 0.0171875 0.025390625
0 0.56484375 0.8330078125 0.0140625 0.025390625
0 0.60078125 0.876953125 0.0203125 0.03515625
0 0.634375 0.8388671875 0.0125 0.021484375
0 0.6453125 0.8388671875 0.01875 0.029296875