1 0.01875 0.1416015625 0.034375 0.056640625
1 0.05 0.1826171875 0.0375 0.052734375
1 0.1375 0.1298828125 0.0375 0.052734375
1 0.20703125 0.126953125 0.0390625 0.05859375
1 0.265625 0.126953125 0.046875 0.0625
1 0.325 0.1142578125 0.040625 0.056640625
1 0.38984375 0.11328125 0.0390625 0.0546875
1 0.44921875 0.109375 0.0421875 0.0625
1 0.51015625 0.107421875 0.0421875 0.0625
1 0.55859375 0.1005859375 0.0484375 0.064453125
1 0.67734375 0.0849609375 0.0390625 0.056640625
1 0.86953125 0.1142578125 0.0546875 0.076171875
1 0.57890625 0.1494140625 0.0546875 0.083984375
1 0.31640625 0.173828125 0.0515625 0.07421875
1 0.23125 0.177734375 0.046875 0.0625
1 0.18984375 0.1767578125 0.0421875 0.064453125
1 0.13984375 0.1826171875 0.0453125 0.072265625
1 0.065625 0.3671875 0.04375 0.078125
1 0.20390625 0.302734375 0.0453125 0.0703125
1 0.25390625 0.3046875 0.0453125 0.0703125
1 0.20703125 0.3671875 0.0453125 0.07421875
1 0.40078125 0.3505859375 0.0390625 0.072265625
1 0.44140625 0.2880859375 0.0515625 0.080078125
1 0.45 0.3525390625 0.046875 0.083984375
1 0.54140625 0.34765625 0.0515625 0.08203125
1 0.665625 0.2734375 0.05 0.07421875
1 0.7140625 0.2607421875 0.0375 0.068359375
1 0.80859375 0.2568359375 0.0390625 0.064453125
1 0.8515625 0.259765625 0.053125 0.08203125
1 0.771875 0.33203125 0.046875 0.0859375