1 0.01484375 0.80859375 0.0296875 0.09765625
1 0.01328125 0.3115234375 0.0265625 0.076171875
1 0.04453125 0.1376953125 0.0359375 0.068359375
1 0.07421875 0.1796875 0.0390625 0.05078125
1 0.090625 0.3583984375 0.046875 0.076171875
1 0.15859375 0.126953125 0.0328125 0.0546875
1 0.16171875 0.1767578125 0.0421875 0.064453125
1 0.2265625 0.12890625 0.0375 0.05859375
1 0.28515625 0.125 0.0515625 0.0703125
1 0.340625 0.1181640625 0.046875 0.064453125
1 0.403125 0.1123046875 0.034375 0.052734375
1 0.459375 0.1123046875 0.04375 0.060546875
1 0.5203125 0.1123046875 0.04375 0.056640625
1 0.56796875 0.1083984375 0.0453125 0.056640625
1 0.68203125 0.09375 0.0453125 0.06640625
1 0.584375 0.150390625 0.053125 0.0859375
1 0.86875 0.119140625 0.05625 0.08203125
1 0.20859375 0.177734375 0.0359375 0.05859375
1 0.2484375 0.1806640625 0.0375 0.052734375
1 0.328125 0.1708984375 0.040625 0.056640625
1 0.2234375 0.291015625 0.04375 0.0703125
1 0.2265625 0.353515625 0.04375 0.0703125
1 0.2703125 0.2939453125 0.046875 0.068359375
1 0.453125 0.2783203125 0.046875 0.068359375
1 0.4140625 0.337890625 0.0375 0.07421875
1 0.4625 0.33984375 0.046875 0.07421875
1 0.546875 0.3388671875 0.05 0.072265625
1 0.6734375 0.263671875 0.04375 0.0703125
1 0.715625 0.26171875 0.046875 0.07421875
1 0.8078125 0.2529296875 0.040625 0.060546875
1 0.8484375 0.25390625 0.053125 0.08203125
1 0.771875 0.3232421875 0.053125 0.087890625