0 0.33203125 0.7509765625 0.0234375 0.041015625
0 0.759375 0.7119140625 0.0125 0.033203125
0 0.7671875 0.6953125 0.021875 0.03515625
0 0.7859375 0.7236328125 0.01875 0.033203125
0 0.53046875 0.85546875 0.0203125 0.03515625
0 0.6296875 0.8994140625 0.0125 0.025390625
0 0.62265625 0.935546875 0.0109375 0.02734375
0 0.6453125 0.8994140625 0.0125 0.025390625
0 0.50390625 0.8818359375 0.0140625 0.029296875
0 0.45 0.873046875 0.015625 0.03125
0 0.46015625 0.93359375 0.0171875 0.04296875
0 0.0375 0.4248046875 0.015625 0.037109375
1 0.025 0.4833984375 0.05 0.048828125