0 0.78359375 0.259765625 0.0203125 0.02734375
0 0.8171875 0.26953125 0.015625 0.03515625
0 0.796875 0.330078125 0.0125 0.0390625
0 0.82265625 0.3203125 0.0203125 0.03125
0 0.8359375 0.322265625 0.021875 0.03515625
0 0.82109375 0.353515625 0.0265625 0.0390625
0 0.446875 0.5703125 0.028125 0.03125
0 0.5140625 0.5986328125 0.015625 0.029296875
0 0.684375 0.615234375 0.021875 0.05078125
0 0.45078125 0.68359375 0.0265625 0.04296875
0 0.4984375 0.685546875 0.021875 0.0390625
0 0.76640625 0.7216796875 0.0171875 0.037109375
0 0.6515625 0.759765625 0.03125 0.046875