0 0.08046875 0.029296875 0.0296875 0.0390625
0 0.9 0.0263671875 0.028125 0.033203125
0 0.78359375 0.0703125 0.0234375 0.03515625
0 0.59140625 0.2724609375 0.0203125 0.037109375
0 0.6578125 0.4453125 0.01875 0.03125
0 0.7703125 0.474609375 0.025 0.0390625
0 0.73671875 0.556640625 0.0296875 0.04296875
0 0.5640625 0.53125 0.01875 0.03515625
0 0.60078125 0.5625 0.0328125 0.046875
0 0.61328125 0.587890625 0.0265625 0.02734375
0 0.69375 0.63671875 0.025 0.04296875
0 0.72109375 0.6923828125 0.0390625 0.052734375