1 0.06484375 0.0703125 0.0703125 0.12890625
1 0.1296875 0.0625 0.06875 0.10546875
1 0.01015625 0.083984375 0.0203125 0.10546875
1 0.26171875 0.048828125 0.0671875 0.09765625
1 0.684375 0.0244140625 0.059375 0.048828125
1 0.10703125 0.3818359375 0.0796875 0.154296875
1 0.184375 0.373046875 0.08125 0.16015625
1 0.48359375 0.33203125 0.0828125 0.16796875
1 0.83828125 0.267578125 0.0828125 0.16015625
1 0.909375 0.2607421875 0.078125 0.158203125
1 0.11875 0.5517578125 0.078125 0.158203125
1 0.4265625 0.5048828125 0.078125 0.158203125
1 0.5046875 0.48828125 0.078125 0.1640625
1 0.6484375 0.4736328125 0.084375 0.162109375
1 0.56953125 0.849609375 0.0890625 0.171875
1 0.9703125 0.8212890625 0.05625 0.185546875
1 0.98984375 0.421875 0.0171875 0.1484375