0 0.853125 0.1962890625 0.025 0.056640625
0 0.8671875 0.2265625 0.034375 0.05859375
0 0.9140625 0.2509765625 0.0375 0.052734375
0 0.85703125 0.322265625 0.0234375 0.05078125
0 0.89609375 0.4052734375 0.0171875 0.033203125
0 0.63125 0.6162109375 0.01875 0.033203125
0 0.7 0.69921875 0.028125 0.04296875
0 0.734375 0.7216796875 0.034375 0.044921875
0 0.61640625 0.689453125 0.0203125 0.046875
0 0.675 0.7412109375 0.01875 0.033203125
0 0.5359375 0.7041015625 0.046875 0.056640625
0 0.56796875 0.7568359375 0.0203125 0.044921875
0 0.55 0.7890625 0.040625 0.06640625
0 0.68046875 0.8427734375 0.0359375 0.052734375