0 0.1609375 0.1728515625 0.021875 0.041015625
0 0.7140625 0.0595703125 0.025 0.037109375
0 0.890625 0.06640625 0.021875 0.04296875
0 0.84453125 0.0927734375 0.0265625 0.037109375
0 0.86328125 0.1650390625 0.0328125 0.048828125
0 0.90546875 0.3046875 0.0296875 0.04296875
0 0.79453125 0.4150390625 0.0328125 0.037109375
0 0.61015625 0.5068359375 0.0171875 0.033203125
0 0.7171875 0.6318359375 0.01875 0.033203125
0 0.59921875 0.6201171875 0.0265625 0.037109375
0 0.54609375 0.6669921875 0.0390625 0.068359375
0 0.70234375 0.763671875 0.0359375 0.046875
0 0.678125 0.7060546875 0.0375 0.048828125