0 0.2359375 0.28515625 0.025 0.03515625
0 0.8109375 0.076171875 0.028125 0.03515625
0 0.73359375 0.166015625 0.0296875 0.04296875
0 0.84453125 0.130859375 0.0390625 0.05078125
0 0.78515625 0.193359375 0.0234375 0.03125
0 0.89453125 0.201171875 0.0234375 0.03515625
0 0.8875 0.228515625 0.03125 0.02734375
0 0.9125 0.4013671875 0.01875 0.033203125
0 0.78671875 0.5 0.0203125 0.02734375
0 0.6140625 0.6748046875 0.021875 0.037109375
0 0.7234375 0.744140625 0.01875 0.03515625
0 0.55078125 0.7509765625 0.0265625 0.041015625
0 0.5359375 0.802734375 0.040625 0.046875
0 0.4390625 0.7724609375 0.021875 0.044921875