1 0.20625 0.2041015625 0.078125 0.162109375
1 0.5234375 0.1103515625 0.075 0.134765625
1 0.709375 0.1298828125 0.065625 0.130859375
1 0.8171875 0.1484375 0.065625 0.125
1 0.91640625 0.15625 0.0578125 0.12109375
1 0.54453125 0.2529296875 0.0765625 0.142578125
1 0.6890625 0.2578125 0.0625 0.12890625
1 0.7671875 0.2705078125 0.0625 0.142578125
1 0.83046875 0.287109375 0.0609375 0.1171875
1 0.96796875 0.2958984375 0.0578125 0.119140625
1 0.98828125 0.1728515625 0.0203125 0.119140625
1 0.37578125 0.53125 0.0890625 0.171875
1 0.734375 0.59375 0.06875 0.16015625
1 0.81328125 0.6015625 0.0671875 0.15625
1 0.4875 0.7001953125 0.090625 0.166015625
1 0.70625 0.763671875 0.078125 0.15625