0 0.0203125 0.0615234375 0.028125 0.025390625
0 0.95859375 0.0185546875 0.0265625 0.037109375
0 0.97421875 0.0673828125 0.0359375 0.033203125
0 0.78046875 0.3583984375 0.0359375 0.025390625
0 0.5515625 0.4658203125 0.0375 0.037109375
0 0.6546875 0.5078125 0.01875 0.03515625
0 0.60234375 0.5009765625 0.0234375 0.021484375
0 0.65546875 0.5439453125 0.0203125 0.033203125
0 0.52421875 0.5615234375 0.0234375 0.033203125
0 0.54140625 0.6044921875 0.0328125 0.041015625
0 0.7703125 0.6494140625 0.034375 0.044921875
0 0.7640625 0.765625 0.0375 0.03125
0 0.7421875 0.7099609375 0.040625 0.048828125