1 0.03671875 0.3271484375 0.0546875 0.064453125
1 0.0140625 0.3466796875 0.028125 0.033203125
0 0.04453125 0.2734375 0.0171875 0.0234375
0 0.2421875 0.5361328125 0.015625 0.033203125
0 0.7015625 0.490234375 0.015625 0.02734375
0 0.69140625 0.52734375 0.0171875 0.03515625
0 0.734375 0.515625 0.0125 0.03125
0 0.7265625 0.5458984375 0.015625 0.021484375
0 0.70625 0.5654296875 0.015625 0.029296875
0 0.984375 0.2958984375 0.025 0.037109375
0 0.56953125 0.66015625 0.0171875 0.03515625
0 0.53046875 0.6787109375 0.0171875 0.033203125
0 0.6640625 0.7568359375 0.0125 0.033203125
0 0.61953125 0.6962890625 0.0140625 0.029296875
0 0.57890625 0.736328125 0.0203125 0.03125