0 0.26328125 0.5751953125 0.0140625 0.037109375
0 0.74609375 0.572265625 0.0109375 0.02734375
0 0.7328125 0.603515625 0.0125 0.02734375
0 0.68125 0.59375 0.01875 0.01953125
0 0.6953125 0.6416015625 0.0125 0.021484375
0 0.55234375 0.7685546875 0.0171875 0.037109375
0 0.47734375 0.7724609375 0.0171875 0.025390625
0 0.4921875 0.78515625 0.01875 0.0390625
0 0.525 0.7705078125 0.01875 0.041015625
0 0.63203125 0.7646484375 0.0140625 0.025390625
0 0.59296875 0.806640625 0.0171875 0.0390625
1 0.03515625 0.3740234375 0.0484375 0.048828125
1 0.015625 0.3984375 0.03125 0.03515625