1 0.01796875 0.4033203125 0.0359375 0.064453125
1 0.02890625 0.625 0.0546875 0.10546875
1 0.10859375 0.3388671875 0.0421875 0.068359375
1 0.11171875 0.3935546875 0.0484375 0.072265625
1 0.16640625 0.3935546875 0.0484375 0.072265625
1 0.2109375 0.396484375 0.04375 0.06640625
1 0.18671875 0.3310546875 0.0421875 0.072265625
1 0.24921875 0.3291015625 0.0484375 0.068359375
1 0.31484375 0.3212890625 0.0484375 0.068359375
1 0.3828125 0.3125 0.034375 0.05859375
1 0.44609375 0.3134765625 0.0453125 0.076171875
1 0.51328125 0.3115234375 0.0453125 0.068359375
1 0.5625 0.2998046875 0.05 0.072265625
1 0.5859375 0.3583984375 0.059375 0.087890625
1 0.6921875 0.2802734375 0.04375 0.072265625
1 0.89921875 0.3173828125 0.0578125 0.083984375
1 0.30078125 0.3828125 0.0515625 0.07421875
1 0.18203125 0.533203125 0.0484375 0.07421875
1 0.1828125 0.6181640625 0.04375 0.087890625
1 0.234375 0.5390625 0.05625 0.08984375
1 0.43984375 0.5146484375 0.0515625 0.083984375
1 0.39375 0.59765625 0.040625 0.0859375
1 0.44765625 0.5966796875 0.0453125 0.087890625
1 0.54765625 0.591796875 0.0515625 0.08984375
1 0.68359375 0.49609375 0.0515625 0.08984375
1 0.73203125 0.4931640625 0.0484375 0.083984375
1 0.83671875 0.4853515625 0.0515625 0.087890625
1 0.88046875 0.4814453125 0.0515625 0.087890625
1 0.7984375 0.5732421875 0.053125 0.099609375