0 0.75703125 0.32421875 0.0234375 0.03125
0 0.83671875 0.35546875 0.0265625 0.04296875
0 0.84921875 0.396484375 0.0203125 0.046875
0 0.81015625 0.412109375 0.0203125 0.03515625
0 0.79375 0.4404296875 0.015625 0.044921875
0 0.75390625 0.4560546875 0.0234375 0.041015625
0 0.675 0.75 0.01875 0.046875
0 0.53125 0.7802734375 0.01875 0.041015625
0 0.59140625 0.7919921875 0.0265625 0.048828125
0 0.4859375 0.8046875 0.03125 0.04296875
0 0.5171875 0.8701171875 0.01875 0.033203125
0 0.50546875 0.880859375 0.0203125 0.0390625
0 0.7296875 0.9326171875 0.028125 0.044921875
0 0.65859375 0.8974609375 0.0328125 0.048828125