0 0.23046875 0.087890625 0.0140625 0.04296875
0 0.4609375 0.2470703125 0.025 0.037109375
0 0.5203125 0.2841796875 0.015625 0.033203125
0 0.43671875 0.3447265625 0.0234375 0.044921875
0 0.46640625 0.3515625 0.0171875 0.04296875
0 0.5515625 0.3232421875 0.015625 0.041015625
0 0.69296875 0.3740234375 0.0203125 0.033203125
0 0.64765625 0.5126953125 0.0234375 0.044921875
0 0.63203125 0.4248046875 0.0296875 0.044921875
0 0.76953125 0.0517578125 0.0234375 0.044921875
0 0.7859375 0.0537109375 0.015625 0.041015625
0 0.759375 0.0224609375 0.01875 0.029296875
0 0.7875 0.0224609375 0.028125 0.041015625
0 0.80546875 0.0185546875 0.0203125 0.033203125