1 0.0453125 0.3642578125 0.06875 0.103515625
1 0.1328125 0.3408203125 0.053125 0.080078125
1 0.21640625 0.3359375 0.0578125 0.09375
1 0.30078125 0.3232421875 0.0703125 0.099609375
1 0.3671875 0.3046875 0.075 0.11328125
1 0.52890625 0.26953125 0.0796875 0.11328125
1 0.7984375 0.302734375 0.078125 0.12109375
1 0.03984375 0.4658203125 0.0703125 0.103515625
1 0.40703125 0.3916015625 0.0859375 0.138671875
1 0.24375 0.6767578125 0.075 0.138671875
1 0.55703125 0.6123046875 0.0765625 0.130859375
1 0.61953125 0.58203125 0.0609375 0.1015625
1 0.7453125 0.5625 0.06875 0.10546875
1 0.8046875 0.5595703125 0.075 0.123046875
1 0.2 0.796875 0.053125 0.08203125
1 0.40390625 0.7822265625 0.0671875 0.130859375
1 0.271875 0.802734375 0.065625 0.12890625
1 0.71796875 0.7255859375 0.0734375 0.138671875
0 0.2546875 0.197265625 0.015625 0.046875
2 0.1125 0.16015625 0.021875 0.04296875
2 0.08828125 0.1611328125 0.0203125 0.041015625
2 0.0734375 0.1376953125 0.021875 0.044921875
2 0.11015625 0.126953125 0.0203125 0.03515625