0 0.21484375 0.080078125 0.0265625 0.05078125
0 0.8 0.111328125 0.025 0.04296875
0 0.73828125 0.189453125 0.0203125 0.05078125
0 0.85546875 0.09375 0.0234375 0.03515625
0 0.91328125 0.0732421875 0.0203125 0.037109375
0 0.91953125 0.1025390625 0.0203125 0.033203125
0 0.8890625 0.123046875 0.034375 0.046875
0 0.88203125 0.2294921875 0.0265625 0.044921875
0 0.565625 0.421875 0.025 0.03515625
0 0.55546875 0.474609375 0.0203125 0.04296875
0 0.590625 0.529296875 0.0125 0.046875
0 0.540625 0.5234375 0.015625 0.046875
0 0.56484375 0.55859375 0.0265625 0.046875
0 0.6875 0.5615234375 0.021875 0.044921875
0 0.66953125 0.646484375 0.0328125 0.046875
0 0.6671875 0.552734375 0.021875 0.04296875
0 0.8828125 0.6220703125 0.025 0.029296875