0 0.68828125 0.142578125 0.0265625 0.0390625
0 0.59375 0.064453125 0.0375 0.046875
0 0.5453125 0.1298828125 0.025 0.037109375
0 0.565625 0.1884765625 0.028125 0.037109375
0 0.53515625 0.5810546875 0.0234375 0.029296875
0 0.5078125 0.5771484375 0.021875 0.021484375
0 0.63359375 0.65625 0.0234375 0.03515625
0 0.51328125 0.650390625 0.0171875 0.03125
0 0.53671875 0.681640625 0.0265625 0.04296875
0 0.55546875 0.673828125 0.0234375 0.0234375
0 0.52578125 0.6494140625 0.0203125 0.029296875
0 0.4859375 0.689453125 0.040625 0.0546875
0 0.45625 0.7568359375 0.021875 0.025390625