1 0.02109375 0.203125 0.0421875 0.046875
1 0.03828125 0.1845703125 0.0578125 0.060546875
1 0.0640625 0.1630859375 0.0625 0.068359375
1 0.09296875 0.1435546875 0.0578125 0.060546875
1 0.1125 0.1259765625 0.05 0.052734375
1 0.14453125 0.1171875 0.0609375 0.0625
1 0.15859375 0.0927734375 0.0515625 0.044921875
1 0.18984375 0.076171875 0.0546875 0.05078125
1 0.2046875 0.056640625 0.0625 0.0625
1 0.2265625 0.037109375 0.059375 0.05078125
0 0.5421875 0.2705078125 0.015625 0.025390625
0 0.5078125 0.267578125 0.0125 0.03515625
0 0.4625 0.2900390625 0.015625 0.033203125
0 0.48359375 0.306640625 0.0171875 0.03125
0 0.26328125 0.37890625 0.0171875 0.03515625
0 0.2921875 0.412109375 0.015625 0.03125
0 0.33671875 0.4521484375 0.0140625 0.037109375
0 0.22578125 0.4296875 0.0140625 0.03515625
0 0.253125 0.4482421875 0.01875 0.041015625
0 0.2875 0.4658203125 0.015625 0.037109375
2 0.6046875 0.90234375 0.025 0.0390625