0 0.69140625 0.501953125 0.0296875 0.04296875
0 0.6953125 0.4501953125 0.01875 0.029296875
0 0.69921875 0.4111328125 0.0203125 0.025390625
0 0.7453125 0.384765625 0.034375 0.0390625
0 0.4828125 0.890625 0.025 0.0234375
0 0.39140625 0.8466796875 0.0203125 0.021484375
0 0.36328125 0.8291015625 0.0171875 0.029296875
0 0.38046875 0.9296875 0.0171875 0.01953125
0 0.41875 0.986328125 0.021875 0.0234375
0 0.54140625 0.9873046875 0.0203125 0.021484375
1 0.0890625 0.0185546875 0.084375 0.037109375
1 0.0515625 0.0546875 0.103125 0.09375
1 0.0421875 0.119140625 0.084375 0.08203125
1 0.02890625 0.1865234375 0.0578125 0.080078125
1 0.0125 0.2548828125 0.025 0.064453125