1 0.5859375 0.8056640625 0.0625 0.181640625
2 0.33125 0.279296875 0.05625 0.05859375
2 0.31875 0.2587890625 0.059375 0.060546875
2 0.2921875 0.203125 0.053125 0.05859375
2 0.28203125 0.1787109375 0.0578125 0.060546875
2 0.26171875 0.154296875 0.0609375 0.06640625
2 0.24140625 0.12109375 0.0609375 0.06640625
2 0.22734375 0.10546875 0.0515625 0.05859375
2 0.215625 0.0751953125 0.0625 0.072265625
2 0.1609375 0.0283203125 0.046875 0.056640625
2 0.10703125 0.0654296875 0.0546875 0.052734375
2 0.06875 0.0947265625 0.05 0.068359375
2 0.15703125 0.4248046875 0.0671875 0.064453125
2 0.15234375 0.400390625 0.0609375 0.05078125
2 0.13515625 0.3818359375 0.0578125 0.060546875
2 0.12578125 0.3564453125 0.0578125 0.048828125
2 0.1109375 0.3359375 0.05625 0.0703125
2 0.0875 0.318359375 0.05 0.0546875
2 0.06171875 0.2744140625 0.0640625 0.076171875
2 0.03359375 0.3583984375 0.0484375 0.068359375
2 0.01328125 0.30859375 0.0265625 0.0234375