1 0.6078125 0.4736328125 0.065625 0.181640625
2 0.021875 0.5244140625 0.04375 0.048828125
2 0.04609375 0.583984375 0.0546875 0.05859375
2 0.11171875 0.673828125 0.0609375 0.0625
2 0.1203125 0.6962890625 0.046875 0.060546875
2 0.13828125 0.7119140625 0.0546875 0.056640625
2 0.17734375 0.7666015625 0.0640625 0.072265625
2 0.2046875 0.7919921875 0.053125 0.060546875
2 0.2359375 0.904296875 0.065625 0.07421875
2 0.25 0.9326171875 0.05625 0.064453125
2 0.26640625 0.9541015625 0.0640625 0.072265625
2 0.2953125 0.978515625 0.040625 0.03515625
2 0.1671875 0.8447265625 0.053125 0.076171875
2 0.115625 0.8994140625 0.059375 0.060546875
2 0.0734375 0.9384765625 0.053125 0.072265625