2 0.35 0.5224609375 0.053125 0.056640625
2 0.3375 0.501953125 0.059375 0.0625
2 0.30859375 0.4384765625 0.0578125 0.064453125
2 0.3 0.4130859375 0.0625 0.064453125
2 0.27890625 0.384765625 0.0578125 0.0625
2 0.25625 0.3466796875 0.0625 0.068359375
2 0.23984375 0.3232421875 0.0515625 0.056640625
2 0.225 0.296875 0.0625 0.0703125
2 0.16796875 0.6943359375 0.0703125 0.068359375
2 0.16015625 0.66015625 0.0609375 0.05859375
2 0.1421875 0.6416015625 0.065625 0.064453125
2 0.13203125 0.6171875 0.0609375 0.05078125
2 0.115625 0.5888671875 0.059375 0.072265625
2 0.09453125 0.568359375 0.0515625 0.0625
2 0.06484375 0.51953125 0.0640625 0.078125
2 0.034375 0.6171875 0.046875 0.06640625
2 0.0140625 0.5576171875 0.028125 0.029296875
2 0.06796875 0.3154296875 0.0484375 0.072265625
2 0.1078125 0.28515625 0.05625 0.06640625
2 0.16484375 0.2392578125 0.0515625 0.072265625
2 0.20078125 0.1884765625 0.0515625 0.056640625
2 0.178125 0.1611328125 0.0625 0.072265625
2 0.140625 0.1025390625 0.05625 0.048828125
2 0.12109375 0.0634765625 0.0453125 0.044921875