0 0.11328125 0.3212890625 0.0171875 0.025390625
0 0.2625 0.40625 0.015625 0.03515625
0 0.3046875 0.9140625 0.015625 0.03515625
0 0.28359375 0.400390625 0.0171875 0.03125
0 0.31328125 0.3984375 0.0171875 0.0390625
0 0.33515625 0.37890625 0.0171875 0.03125
0 0.35546875 0.384765625 0.0140625 0.02734375
0 0.4765625 0.3212890625 0.0125 0.029296875
0 0.53515625 0.3203125 0.0140625 0.03125
0 0.49140625 0.3076171875 0.0109375 0.021484375
0 0.4875 0.287109375 0.0125 0.0234375
0 0.903125 0.0703125 0.0125 0.02734375
0 0.91796875 0.0439453125 0.0078125 0.025390625
1 0.02421875 0.2939453125 0.0328125 0.041015625
1 0.0609375 0.2880859375 0.03125 0.037109375
1 0.07734375 0.2734375 0.0265625 0.03125
1 0.11875 0.2646484375 0.028125 0.029296875
1 0.13203125 0.251953125 0.0296875 0.03125
1 0.1609375 0.2451171875 0.028125 0.033203125
1 0.1765625 0.236328125 0.03125 0.03515625
1 0.19140625 0.2236328125 0.0265625 0.021484375
1 0.22109375 0.2177734375 0.0265625 0.033203125
1 0.22734375 0.2041015625 0.0234375 0.021484375
1 0.26015625 0.1982421875 0.0265625 0.029296875
1 0.26796875 0.1865234375 0.0359375 0.033203125
1 0.3078125 0.16796875 0.03125 0.03125
1 0.31875 0.15234375 0.025 0.01953125