1 0.1046875 0.1083984375 0.028125 0.033203125
1 0.14140625 0.10546875 0.0296875 0.0390625
1 0.19296875 0.0849609375 0.0265625 0.033203125
1 0.20546875 0.076171875 0.0265625 0.03125
1 0.24375 0.0634765625 0.0375 0.048828125
1 0.290625 0.0439453125 0.028125 0.033203125
1 0.2625 0.0517578125 0.021875 0.013671875
1 0.296875 0.033203125 0.021875 0.01953125
1 0.3328125 0.02734375 0.0375 0.0390625
0 0.43828125 0.716796875 0.0171875 0.03515625
0 0.61015625 0.115234375 0.0140625 0.03125
0 0.6015625 0.09375 0.0125 0.02734375
0 0.565625 0.11328125 0.0125 0.0234375
0 0.528125 0.130859375 0.0125 0.03515625
0 0.4 0.1923828125 0.015625 0.029296875
0 0.3859375 0.19921875 0.015625 0.02734375
0 0.39765625 0.2294921875 0.0234375 0.041015625
0 0.36484375 0.208984375 0.0203125 0.02734375