1 0.38828125 0.69921875 0.0390625 0.06640625
1 0.565625 0.630859375 0.03125 0.046875
1 0.62734375 0.6328125 0.0296875 0.05078125
1 0.5578125 0.69140625 0.04375 0.078125
1 0.6015625 0.6943359375 0.034375 0.072265625
1 0.68515625 0.62890625 0.0328125 0.05859375
1 0.68984375 0.697265625 0.0421875 0.078125
1 0.775 0.693359375 0.0375 0.0546875
1 0.859375 0.6943359375 0.04375 0.068359375
1 0.86484375 0.6376953125 0.0390625 0.060546875
1 0.93125 0.6279296875 0.03125 0.052734375
1 0.98671875 0.6318359375 0.0234375 0.064453125
1 0.3078125 0.984375 0.0375 0.0234375
1 0.534375 0.8994140625 0.04375 0.091796875
1 0.62578125 0.908203125 0.0453125 0.09375
1 0.765625 0.9091796875 0.04375 0.091796875
3 0.3953125 0.865234375 0.0625 0.1796875
2 0.55703125 0.4638671875 0.0109375 0.025390625
2 0.5703125 0.4765625 0.025 0.03515625
2 0.47421875 0.43359375 0.0078125 0.0234375
2 0.48828125 0.435546875 0.0109375 0.0234375
2 0.5140625 0.46875 0.009375 0.03125
2 0.5328125 0.4951171875 0.028125 0.033203125
2 0.5265625 0.45703125 0.0125 0.0234375
2 0.74765625 0.4697265625 0.0265625 0.041015625
2 0.76796875 0.4912109375 0.0203125 0.033203125
2 0.78359375 0.46484375 0.0140625 0.03125
2 0.83046875 0.4697265625 0.0171875 0.033203125
2 0.80546875 0.46875 0.0171875 0.03515625
2 0.81875 0.4697265625 0.01875 0.037109375
2 0.86875 0.4560546875 0.028125 0.052734375
2 0.88359375 0.451171875 0.0234375 0.0390625
2 0.91875 0.4541015625 0.028125 0.033203125
2 0.93359375 0.486328125 0.0171875 0.03125
2 0.90703125 0.4736328125 0.0234375 0.033203125
2 0.90546875 0.509765625 0.0140625 0.03125
2 0.8921875 0.490234375 0.021875 0.0390625
2 0.94453125 0.4326171875 0.0109375 0.029296875
2 0.92890625 0.4326171875 0.0203125 0.025390625