3 0.05703125 0.0458984375 0.0453125 0.087890625
1 0.01796875 0.04296875 0.0296875 0.0625
1 0.5671875 0.23828125 0.05 0.08984375
1 0.5296875 0.525390625 0.04375 0.09765625
2 0.19609375 0.572265625 0.0328125 0.03515625
2 0.20625 0.5908203125 0.040625 0.029296875
2 0.2234375 0.6220703125 0.040625 0.041015625
2 0.23984375 0.634765625 0.0359375 0.0390625
2 0.24921875 0.6806640625 0.0484375 0.052734375
2 0.2671875 0.7080078125 0.04375 0.044921875
2 0.2796875 0.7275390625 0.046875 0.048828125
2 0.2921875 0.7431640625 0.04375 0.044921875
2 0.296875 0.759765625 0.040625 0.04296875
2 0.3109375 0.7900390625 0.046875 0.048828125
2 0.32109375 0.8037109375 0.0453125 0.044921875
2 0.21171875 0.6572265625 0.0328125 0.044921875
2 0.171875 0.6748046875 0.040625 0.044921875
2 0.1390625 0.6875 0.03125 0.046875
2 0.0625 0.7265625 0.04375 0.05078125
2 0.059375 0.7734375 0.04375 0.04296875
2 0.0765625 0.806640625 0.04375 0.04296875
2 0.09453125 0.833984375 0.0390625 0.05078125
2 0.1203125 0.7861328125 0.05 0.052734375
2 0.13515625 0.8134765625 0.0390625 0.041015625
2 0.15390625 0.82421875 0.0421875 0.04296875
2 0.1671875 0.84765625 0.046875 0.046875
2 0.17421875 0.861328125 0.0453125 0.03125
2 0.18046875 0.876953125 0.0484375 0.0390625