2 0.19609375 0.3193359375 0.0234375 0.025390625
2 0.21328125 0.3662109375 0.0328125 0.029296875
2 0.22265625 0.3837890625 0.0359375 0.021484375
2 0.24296875 0.4072265625 0.0328125 0.037109375
2 0.2578125 0.421875 0.0375 0.0390625
2 0.2296875 0.4443359375 0.03125 0.041015625
2 0.1640625 0.46875 0.03125 0.04296875
2 0.19140625 0.458984375 0.0359375 0.046875
2 0.090625 0.501953125 0.034375 0.04296875
2 0.08515625 0.5400390625 0.0421875 0.048828125
2 0.1421875 0.552734375 0.046875 0.0546875
2 0.10078125 0.57421875 0.0359375 0.03515625
2 0.12109375 0.599609375 0.0359375 0.046875
2 0.16015625 0.5791015625 0.0390625 0.041015625
2 0.175 0.58984375 0.0375 0.04296875
2 0.18359375 0.6064453125 0.0421875 0.048828125
2 0.196875 0.62109375 0.0375 0.03515625
2 0.19921875 0.6376953125 0.0453125 0.041015625
2 0.02109375 0.6259765625 0.0421875 0.044921875
2 0.00625 0.572265625 0.0125 0.01953125
2 0.01484375 0.6044921875 0.0296875 0.029296875
2 0.028125 0.6484375 0.040625 0.04296875
2 0.04453125 0.66796875 0.0328125 0.0234375
2 0.0421875 0.6943359375 0.0375 0.029296875
2 0.265625 0.4658203125 0.04375 0.048828125
2 0.28203125 0.490234375 0.0453125 0.05078125
2 0.2921875 0.5048828125 0.046875 0.052734375
2 0.30703125 0.52734375 0.0484375 0.0546875
2 0.3234375 0.5576171875 0.040625 0.044921875
2 0.33046875 0.5732421875 0.0421875 0.041015625
1 0.56796875 0.06640625 0.0390625 0.078125
1 0.53203125 0.3251953125 0.0421875 0.087890625
1 0.48046875 0.85546875 0.0546875 0.12109375
1 0.46171875 0.970703125 0.0359375 0.05078125