1 0.6828125 0.927734375 0.06875 0.13671875
2 0.1859375 0.0205078125 0.053125 0.041015625
2 0.2109375 0.04296875 0.053125 0.06640625
2 0.24609375 0.1591796875 0.0671875 0.083984375
2 0.26015625 0.1865234375 0.0515625 0.064453125
2 0.2796875 0.2119140625 0.0625 0.080078125
2 0.30625 0.2470703125 0.0625 0.080078125
2 0.3265625 0.275390625 0.0625 0.0703125
2 0.33828125 0.2998046875 0.0578125 0.068359375
2 0.36953125 0.361328125 0.0609375 0.0703125
2 0.384375 0.384765625 0.0625 0.06640625
2 0.17734375 0.1005859375 0.0515625 0.068359375
2 0.1234375 0.154296875 0.0625 0.06640625
2 0.084375 0.193359375 0.059375 0.078125
2 0.09453125 0.4033203125 0.0671875 0.083984375
2 0.1265625 0.44921875 0.053125 0.06640625
2 0.15234375 0.470703125 0.0609375 0.07421875
2 0.1703125 0.49609375 0.059375 0.05859375
2 0.18125 0.5205078125 0.0625 0.060546875
2 0.2015625 0.5390625 0.0625 0.0625
2 0.209375 0.576171875 0.071875 0.07421875
2 0.01015625 0.3837890625 0.0203125 0.044921875
2 0.03671875 0.4501953125 0.0578125 0.060546875
2 0.06953125 0.5029296875 0.0484375 0.072265625
2 0.01171875 0.7265625 0.0234375 0.0234375
2 0.00625 0.6630859375 0.0125 0.017578125
2 0.00859375 0.68359375 0.0171875 0.02734375