0 0.15546875 0.5537109375 0.0234375 0.037109375
0 0.51796875 0.68359375 0.0171875 0.02734375
0 0.56171875 0.0517578125 0.0171875 0.029296875
0 0.5453125 0.064453125 0.015625 0.03125
0 0.5125 0.0751953125 0.0125 0.021484375
0 0.5203125 0.0869140625 0.0125 0.021484375
0 0.40859375 0.140625 0.0171875 0.03125
0 0.41484375 0.162109375 0.0171875 0.02734375
0 0.3890625 0.1337890625 0.0125 0.029296875
0 0.38125 0.162109375 0.01875 0.05078125
0 0.36640625 0.14453125 0.0109375 0.0234375
0 0.35703125 0.14453125 0.0140625 0.03125
1 0.13359375 0.0576171875 0.0328125 0.037109375
1 0.14765625 0.046875 0.0265625 0.03125
1 0.1875 0.0400390625 0.028125 0.033203125
1 0.20078125 0.029296875 0.0265625 0.03125
1 0.228125 0.0234375 0.025 0.03125
1 0.23984375 0.015625 0.0265625 0.02734375