1 0.49375 0.1376953125 0.04375 0.087890625
1 0.44453125 0.6103515625 0.0546875 0.107421875
1 0.42421875 0.736328125 0.0515625 0.109375
2 0.19296875 0.173828125 0.0328125 0.02734375
2 0.20234375 0.1904296875 0.0390625 0.033203125
2 0.22265625 0.2099609375 0.0359375 0.041015625
2 0.2328125 0.224609375 0.034375 0.0390625
2 0.24296875 0.2607421875 0.0421875 0.044921875
2 0.2578125 0.2822265625 0.040625 0.041015625
2 0.26796875 0.2958984375 0.0421875 0.044921875
2 0.2828125 0.314453125 0.04375 0.05078125
2 0.29765625 0.3447265625 0.0390625 0.044921875
2 0.30546875 0.359375 0.0421875 0.046875
2 0.17265625 0.2548828125 0.0359375 0.044921875
2 0.14609375 0.263671875 0.0296875 0.04296875
2 0.07890625 0.294921875 0.0359375 0.046875
2 0.07265625 0.33203125 0.0390625 0.04296875
2 0.01171875 0.3837890625 0.0234375 0.029296875
2 0.034375 0.439453125 0.034375 0.03125
2 0.01875 0.4033203125 0.025 0.029296875
2 0.08828125 0.359375 0.0359375 0.0390625
2 0.10546875 0.380859375 0.0328125 0.046875
2 0.1265625 0.3427734375 0.04375 0.048828125
2 0.13984375 0.365234375 0.0359375 0.03515625
2 0.1578125 0.3740234375 0.0375 0.041015625
2 0.16875 0.3916015625 0.046875 0.052734375
2 0.1796875 0.40234375 0.034375 0.03125
2 0.1796875 0.41796875 0.034375 0.02734375