1 0.01015625 0.3740234375 0.0203125 0.041015625
1 0.02421875 0.33984375 0.0484375 0.0625
1 0.04765625 0.302734375 0.0921875 0.1015625
1 0.0765625 0.2724609375 0.0875 0.095703125
1 0.109375 0.244140625 0.0875 0.09375
1 0.1421875 0.21875 0.08125 0.08203125
1 0.1546875 0.18359375 0.075 0.078125
1 0.19453125 0.15625 0.0828125 0.08203125
1 0.20859375 0.12109375 0.0828125 0.0859375
1 0.24140625 0.0869140625 0.0859375 0.087890625
0 0.63359375 0.5224609375 0.0140625 0.029296875
0 0.64765625 0.47265625 0.0171875 0.0390625
0 0.58671875 0.453125 0.0203125 0.04296875
0 0.53671875 0.4697265625 0.0171875 0.041015625
0 0.42265625 0.654296875 0.0140625 0.03515625
0 0.39140625 0.6767578125 0.0203125 0.033203125
0 0.40703125 0.734375 0.0140625 0.03515625
0 0.46328125 0.7421875 0.0140625 0.03125
0 0.48984375 0.77734375 0.0171875 0.0390625
0 0.39453125 0.771484375 0.0171875 0.04296875
0 0.334375 0.767578125 0.015625 0.03515625
0 0.3609375 0.833984375 0.015625 0.0390625