0 0.684375 0.32421875 0.025 0.0390625
0 0.671875 0.203125 0.01875 0.0390625
0 0.621875 0.22265625 0.01875 0.03515625
0 0.584375 0.251953125 0.015625 0.03515625
0 0.4203125 0.5810546875 0.015625 0.037109375
0 0.46328125 0.5517578125 0.0140625 0.033203125
0 0.4484375 0.5224609375 0.015625 0.037109375
0 0.425 0.5263671875 0.025 0.044921875
0 0.409375 0.5322265625 0.015625 0.033203125
0 0.41171875 0.498046875 0.0171875 0.03125
0 0.41171875 0.4599609375 0.0171875 0.037109375
0 0.38984375 0.4921875 0.0203125 0.03515625
1 0.02265625 0.078125 0.0453125 0.0703125
1 0.0375 0.04296875 0.075 0.08203125
1 0.07109375 0.0146484375 0.0734375 0.029296875