0 0.31875 0.7744140625 0.01875 0.033203125
0 0.534375 0.177734375 0.015625 0.03515625
0 0.5078125 0.1689453125 0.0125 0.033203125
0 0.490625 0.1884765625 0.01875 0.044921875
0 0.37265625 0.25 0.0171875 0.02734375
0 0.3484375 0.240234375 0.01875 0.03125
0 0.33984375 0.2880859375 0.0140625 0.025390625
0 0.33203125 0.2509765625 0.0140625 0.029296875
0 0.321875 0.2490234375 0.0125 0.033203125
0 0.290625 0.2646484375 0.015625 0.029296875
1 0.0578125 0.1669921875 0.040625 0.052734375
1 0.0890625 0.15625 0.034375 0.046875
1 0.1046875 0.14453125 0.028125 0.03515625
1 0.14375 0.1337890625 0.028125 0.037109375
1 0.1609375 0.1240234375 0.03125 0.037109375
1 0.1859375 0.115234375 0.03125 0.0390625
1 0.2 0.1083984375 0.028125 0.037109375
1 0.21484375 0.095703125 0.0203125 0.01953125
1 0.23984375 0.0908203125 0.0265625 0.029296875
1 0.25078125 0.078125 0.0203125 0.01953125
1 0.28046875 0.07421875 0.0265625 0.03125
1 0.290625 0.06640625 0.025 0.01953125