0 0.3640625 0.8125 0.01875 0.03515625
0 0.4640625 0.8173828125 0.0125 0.041015625
0 0.44609375 0.8935546875 0.0203125 0.044921875
0 0.43203125 0.6875 0.0234375 0.04296875
0 0.4046875 0.7138671875 0.01875 0.033203125
0 0.4265625 0.7392578125 0.015625 0.033203125
0 0.4390625 0.7646484375 0.03125 0.044921875
0 0.67734375 0.4326171875 0.0171875 0.041015625
0 0.66640625 0.373046875 0.0203125 0.0390625
0 0.64609375 0.4111328125 0.0296875 0.048828125
1 0.0109375 0.3154296875 0.021875 0.044921875
1 0.03125 0.2705078125 0.0625 0.083984375
1 0.04609375 0.2275390625 0.0921875 0.103515625
1 0.0828125 0.1904296875 0.09375 0.107421875
1 0.12109375 0.15625 0.1015625 0.11328125
1 0.15546875 0.1181640625 0.1046875 0.111328125
1 0.19296875 0.0859375 0.0984375 0.09765625
1 0.21015625 0.048828125 0.0921875 0.09765625
1 0.24765625 0.0224609375 0.0765625 0.044921875