1 0.5859375 0.658203125 0.065625 0.17578125
1 0.57890625 0.92578125 0.0546875 0.14453125
0 0.43203125 0.6240234375 0.0203125 0.041015625
2 0.33359375 0.1435546875 0.0578125 0.052734375
2 0.3234375 0.123046875 0.059375 0.05859375
2 0.29609375 0.0703125 0.0546875 0.0625
2 0.2875 0.044921875 0.059375 0.05859375
2 0.26796875 0.0224609375 0.0453125 0.044921875
2 0.2375 0.009765625 0.021875 0.01953125
2 0.04140625 0.220703125 0.0390625 0.06640625
2 0.01640625 0.1767578125 0.0328125 0.037109375
2 0.06640625 0.1396484375 0.0671875 0.080078125
2 0.09453125 0.181640625 0.0515625 0.05859375
2 0.11328125 0.1962890625 0.0609375 0.076171875
2 0.13203125 0.22265625 0.0578125 0.05078125
2 0.140625 0.2431640625 0.0625 0.064453125
2 0.15625 0.26171875 0.059375 0.046875
2 0.1625 0.2880859375 0.0625 0.056640625