0 0.75625 0.400390625 0.025 0.046875
0 0.6984375 0.4013671875 0.028125 0.044921875
0 0.7046875 0.44921875 0.021875 0.04296875
0 0.68828125 0.4443359375 0.0203125 0.041015625
0 0.42421875 0.798828125 0.0203125 0.0390625
0 0.46875 0.8173828125 0.025 0.041015625
0 0.503125 0.83203125 0.021875 0.0390625
0 0.53671875 0.8486328125 0.0296875 0.033203125
0 0.54140625 0.873046875 0.0234375 0.046875
0 0.4390625 0.8525390625 0.01875 0.037109375
0 0.4 0.822265625 0.021875 0.04296875
0 0.39921875 0.890625 0.0234375 0.04296875
1 0.0125 0.3671875 0.025 0.0546875
1 0.0328125 0.3125 0.065625 0.0859375
1 0.0484375 0.271484375 0.096875 0.11328125
1 0.0859375 0.228515625 0.103125 0.109375
1 0.12421875 0.189453125 0.1015625 0.109375
1 0.1609375 0.1533203125 0.109375 0.115234375
1 0.19453125 0.1171875 0.0953125 0.10546875
1 0.2140625 0.07421875 0.096875 0.10546875
1 0.25234375 0.041015625 0.0859375 0.08203125
1 0.2875 0.017578125 0.065625 0.03515625