0 0.1171875 0.150390625 0.009375 0.0234375
0 0.03828125 0.83984375 0.0140625 0.04296875
0 0.0484375 0.84375 0.015625 0.0390625
0 0.0578125 0.84765625 0.0125 0.03515625
0 0.07265625 0.83203125 0.0140625 0.03515625
0 0.08203125 0.83203125 0.0171875 0.0390625
0 0.1265625 0.8349609375 0.015625 0.033203125
1 0.2203125 0.6201171875 0.06875 0.044921875
1 0.23046875 0.0078125 0.0265625 0.015625
1 0.76015625 0.2900390625 0.0515625 0.060546875
1 0.803125 0.2958984375 0.046875 0.060546875
1 0.9140625 0.345703125 0.046875 0.05859375
1 0.93671875 0.3583984375 0.0359375 0.044921875