0 0.7140625 0.5439453125 0.015625 0.029296875
0 0.7078125 0.576171875 0.021875 0.05078125
0 0.6953125 0.6064453125 0.025 0.041015625
0 0.6828125 0.6142578125 0.0125 0.033203125
0 0.5203125 0.9453125 0.021875 0.02734375
0 0.48984375 0.9501953125 0.0203125 0.033203125
0 0.48828125 0.9892578125 0.0171875 0.017578125
1 0.02109375 0.53125 0.0421875 0.07421875
1 0.03984375 0.486328125 0.0796875 0.08203125
1 0.06640625 0.447265625 0.1015625 0.1171875
1 0.10390625 0.4033203125 0.1015625 0.111328125
1 0.140625 0.3642578125 0.1 0.111328125
1 0.17578125 0.3271484375 0.1015625 0.111328125
1 0.2140625 0.29296875 0.096875 0.10546875
1 0.23125 0.2470703125 0.09375 0.099609375
1 0.26953125 0.2060546875 0.0953125 0.107421875
1 0.28984375 0.1689453125 0.0984375 0.103515625
1 0.32265625 0.119140625 0.0984375 0.1015625