1 0.04765625 0.2919921875 0.0328125 0.041015625
1 0.065625 0.2822265625 0.025 0.033203125
1 0.103125 0.2685546875 0.03125 0.037109375
1 0.11640625 0.255859375 0.0265625 0.02734375
1 0.146875 0.2490234375 0.025 0.029296875
1 0.16015625 0.2412109375 0.0328125 0.041015625
1 0.1734375 0.228515625 0.021875 0.01953125
1 0.2046875 0.2216796875 0.025 0.029296875
1 0.2125 0.2080078125 0.028125 0.025390625
1 0.24375 0.2041015625 0.028125 0.025390625
1 0.2515625 0.193359375 0.03125 0.02734375
1 0.2921875 0.1748046875 0.028125 0.029296875
1 0.30234375 0.16015625 0.0234375 0.01953125
0 0.40546875 0.896484375 0.0171875 0.03125
0 0.13046875 0.958984375 0.0171875 0.02734375
0 0.50390625 0.2978515625 0.0109375 0.029296875
0 0.4859375 0.3017578125 0.0125 0.029296875
0 0.446875 0.2861328125 0.015625 0.029296875
0 0.440625 0.3271484375 0.0125 0.029296875
0 0.36796875 0.3203125 0.0140625 0.02734375
0 0.3546875 0.40234375 0.01875 0.04296875
0 0.33984375 0.3828125 0.0140625 0.046875
0 0.32265625 0.37890625 0.0109375 0.02734375
0 0.30703125 0.4306640625 0.0140625 0.041015625
0 0.2859375 0.4013671875 0.0125 0.029296875
0 0.2640625 0.412109375 0.0125 0.0234375
0 0.88203125 0.083984375 0.0140625 0.03125
0 0.86953125 0.0634765625 0.0109375 0.025390625