1 0.5890625 0.275390625 0.06875 0.17578125
2 0.0140625 0.3115234375 0.028125 0.033203125
2 0.03046875 0.376953125 0.0484375 0.0546875
2 0.09609375 0.4677734375 0.0578125 0.056640625
2 0.11953125 0.5 0.0578125 0.05078125
2 0.16015625 0.560546875 0.0640625 0.06640625
2 0.184375 0.58203125 0.05625 0.06640625
2 0.2171875 0.6923828125 0.065625 0.076171875
2 0.23203125 0.7177734375 0.0453125 0.052734375
2 0.25 0.7421875 0.0625 0.0703125
2 0.2734375 0.7783203125 0.0625 0.076171875
2 0.296875 0.8056640625 0.059375 0.064453125
2 0.30703125 0.83203125 0.0609375 0.0703125
2 0.3375 0.892578125 0.0625 0.0703125
2 0.3546875 0.916015625 0.059375 0.06640625
2 0.06015625 0.9345703125 0.0609375 0.076171875
2 0.15 0.6357421875 0.053125 0.072265625
2 0.096875 0.6865234375 0.059375 0.060546875
2 0.05703125 0.7255859375 0.0546875 0.072265625
2 0.1296875 0.9873046875 0.025 0.021484375
2 0.09140625 0.9765625 0.0421875 0.0390625
2 0.01015625 0.98046875 0.0203125 0.02734375