2 0.5015625 0.25390625 0.040625 0.03515625
2 0.496875 0.236328125 0.040625 0.03515625
2 0.47734375 0.201171875 0.0359375 0.03515625
2 0.47421875 0.18359375 0.0453125 0.03515625
2 0.4609375 0.1669921875 0.053125 0.052734375
2 0.44765625 0.1435546875 0.0515625 0.052734375
2 0.4296875 0.1123046875 0.05625 0.056640625
2 0.41953125 0.0546875 0.0421875 0.04296875
2 0.40546875 0.0361328125 0.0421875 0.044921875
2 0.353125 0.3291015625 0.046875 0.041015625
2 0.35 0.3076171875 0.046875 0.041015625
2 0.34296875 0.2939453125 0.0421875 0.041015625
2 0.334375 0.2890625 0.0375 0.046875
2 0.325 0.2705078125 0.04375 0.052734375
2 0.31171875 0.25390625 0.0453125 0.05078125
2 0.28984375 0.2177734375 0.0515625 0.060546875
2 0.2625 0.26953125 0.040625 0.0546875
2 0.2453125 0.23828125 0.040625 0.0390625
2 0.22421875 0.201171875 0.0453125 0.046875
2 0.17890625 0.3603515625 0.0484375 0.041015625
2 0.16171875 0.3291015625 0.0390625 0.017578125
2 0.15625 0.3017578125 0.034375 0.033203125
2 0.14765625 0.27734375 0.0359375 0.03125
2 0.38828125 0.0751953125 0.0359375 0.052734375
2 0.346875 0.0966796875 0.040625 0.052734375
2 0.3140625 0.1103515625 0.034375 0.052734375
2 0.23046875 0.1494140625 0.0390625 0.052734375
2 0.17578125 0.169921875 0.0453125 0.046875
0 0.6140625 0.0341796875 0.01875 0.041015625
1 0.66484375 0.625 0.0703125 0.140625
1 0.63828125 0.80859375 0.0640625 0.13671875