1 0.69375 0.87890625 0.065625 0.1484375
1 0.7625 0.142578125 0.05625 0.12109375
0 0.7609375 0.328125 0.015625 0.03125
2 0.3859375 0.18359375 0.0375 0.0390625
2 0.39765625 0.20703125 0.0421875 0.04296875
2 0.41875 0.2421875 0.040625 0.04296875
2 0.43359375 0.2626953125 0.0390625 0.041015625
2 0.44375 0.322265625 0.053125 0.05859375
2 0.46328125 0.357421875 0.0515625 0.05078125
2 0.47734375 0.380859375 0.0515625 0.05078125
2 0.48984375 0.400390625 0.0515625 0.05078125
2 0.4953125 0.4208984375 0.04375 0.044921875
2 0.5125 0.4580078125 0.046875 0.048828125
2 0.52109375 0.4775390625 0.0484375 0.044921875
2 0.35859375 0.30859375 0.0421875 0.0546875
2 0.40234375 0.2841796875 0.0421875 0.064453125
2 0.32421875 0.322265625 0.0359375 0.05859375
2 0.23984375 0.3662109375 0.0390625 0.052734375
2 0.1828125 0.388671875 0.04375 0.046875
2 0.36484375 0.560546875 0.0484375 0.0390625
2 0.36328125 0.5390625 0.0484375 0.0390625
2 0.3515625 0.525390625 0.053125 0.046875
2 0.34921875 0.5107421875 0.0390625 0.033203125
2 0.3375 0.4921875 0.040625 0.0546875
2 0.31953125 0.4755859375 0.0421875 0.044921875
2 0.29921875 0.4423828125 0.0515625 0.056640625
2 0.23203125 0.4228515625 0.0515625 0.056640625
2 0.25234375 0.4609375 0.0421875 0.0390625
2 0.2703125 0.4951171875 0.040625 0.048828125
2 0.146875 0.505859375 0.046875 0.0390625
2 0.1578125 0.533203125 0.046875 0.0390625
2 0.1828125 0.59375 0.05 0.046875
2 0.16640625 0.5546875 0.0484375 0.04296875
2 0.18046875 0.625 0.0421875 0.02734375
0 0.26171875 0.634765625 0.0203125 0.0390625