0 0.95078125 0.7578125 0.0234375 0.03515625
2 0.60625 0.779296875 0.05625 0.0625
1 0.809375 0.3828125 0.059375 0.125
1 0.85546875 0.0234375 0.0484375 0.046875
2 0.41640625 0.423828125 0.0359375 0.03125
2 0.425 0.451171875 0.04375 0.03125
2 0.45 0.4921875 0.046875 0.046875
2 0.46484375 0.5107421875 0.0484375 0.044921875
2 0.47578125 0.5810546875 0.0546875 0.056640625
2 0.48359375 0.599609375 0.0390625 0.0390625
2 0.49453125 0.6181640625 0.0546875 0.056640625
2 0.50859375 0.642578125 0.0578125 0.05859375
2 0.5234375 0.666015625 0.059375 0.05859375
2 0.52890625 0.6865234375 0.0453125 0.044921875
2 0.5484375 0.7265625 0.05 0.05078125
2 0.55625 0.7470703125 0.05 0.052734375
2 0.43203125 0.5400390625 0.0296875 0.052734375
2 0.38515625 0.5625 0.0421875 0.0546875
2 0.35078125 0.576171875 0.0359375 0.0625
2 0.259375 0.623046875 0.040625 0.0546875
2 0.1984375 0.65234375 0.04375 0.04296875
2 0.15703125 0.67578125 0.0390625 0.0546875
2 0.325 0.7119140625 0.05625 0.064453125
2 0.34375 0.7470703125 0.04375 0.048828125
2 0.36171875 0.7607421875 0.0515625 0.060546875
2 0.37265625 0.783203125 0.0484375 0.0390625
2 0.378125 0.7998046875 0.059375 0.048828125
2 0.3890625 0.81640625 0.053125 0.046875
2 0.39296875 0.8388671875 0.0546875 0.048828125
2 0.253125 0.685546875 0.053125 0.05859375
2 0.27265625 0.7333984375 0.0484375 0.052734375
2 0.29375 0.76953125 0.046875 0.0625
2 0.1390625 0.736328125 0.046875 0.03515625
2 0.16328125 0.78125 0.0546875 0.046875
2 0.1734375 0.8115234375 0.053125 0.048828125
2 0.18203125 0.83984375 0.0484375 0.04296875
2 0.2 0.875 0.05625 0.0546875
2 0.1984375 0.9150390625 0.046875 0.033203125