1 0.48984375 0.310546875 0.0734375 0.16796875
2 0.0421875 0.533203125 0.059375 0.0625
2 0.08359375 0.587890625 0.0640625 0.078125
2 0.109375 0.60546875 0.053125 0.0625
2 0.13984375 0.7109375 0.0640625 0.07421875
2 0.1546875 0.736328125 0.053125 0.0625
2 0.16953125 0.751953125 0.0609375 0.07421875
2 0.19453125 0.78515625 0.0609375 0.07421875
2 0.2171875 0.8125 0.059375 0.0703125
2 0.228125 0.837890625 0.059375 0.0703125
2 0.26171875 0.892578125 0.0578125 0.06640625
2 0.27421875 0.9140625 0.0578125 0.06640625
2 0.07578125 0.66015625 0.0515625 0.06640625
2 0.025 0.7119140625 0.05 0.044921875
2 0.00703125 0.9326171875 0.0140625 0.029296875
2 0.021875 0.9814453125 0.034375 0.029296875
2 0.0578125 0.9892578125 0.025 0.017578125