2 0.34375 0.025390625 0.05 0.046875
2 0.3640625 0.0478515625 0.046875 0.044921875
2 0.3765625 0.123046875 0.05625 0.0625
2 0.38671875 0.146484375 0.0484375 0.0546875
2 0.39921875 0.162109375 0.0546875 0.05859375
2 0.4125 0.189453125 0.059375 0.06640625
2 0.43046875 0.2099609375 0.0578125 0.064453125
2 0.43828125 0.23046875 0.0484375 0.0546875
2 0.45625 0.275390625 0.053125 0.0625
2 0.4671875 0.2958984375 0.053125 0.056640625
2 0.33046875 0.080078125 0.0390625 0.05859375
2 0.28203125 0.109375 0.0453125 0.0546875
2 0.24609375 0.126953125 0.0390625 0.0625
2 0.15390625 0.1796875 0.0421875 0.0546875
2 0.0953125 0.212890625 0.04375 0.0390625
2 0.05 0.2392578125 0.040625 0.052734375
2 0.15 0.2490234375 0.053125 0.056640625
2 0.22890625 0.267578125 0.0578125 0.06640625
2 0.24921875 0.3056640625 0.0515625 0.056640625
2 0.2671875 0.3212890625 0.05625 0.060546875
2 0.28046875 0.3427734375 0.0484375 0.048828125
2 0.2859375 0.361328125 0.05625 0.05078125
2 0.29921875 0.3798828125 0.0515625 0.048828125
2 0.3046875 0.4033203125 0.05625 0.044921875
2 0.17578125 0.2958984375 0.0484375 0.044921875
2 0.1984375 0.3330078125 0.046875 0.060546875
2 0.06484375 0.3544921875 0.0484375 0.048828125
2 0.075 0.3837890625 0.053125 0.044921875
2 0.0875 0.4091796875 0.04375 0.025390625
2 0.0875 0.4326171875 0.040625 0.041015625
2 0.10234375 0.4482421875 0.0515625 0.044921875
2 0.10390625 0.4921875 0.0453125 0.03515625
1 0.66953125 0.75 0.0703125 0.1640625
1 0.6515625 0.953125 0.053125 0.0859375