1 0.19375 0.537109375 0.034375 0.05859375
1 0.34921875 0.5244140625 0.0359375 0.064453125
1 0.390625 0.5234375 0.03125 0.05859375
1 0.35390625 0.470703125 0.0328125 0.0546875
1 0.41484375 0.47265625 0.0296875 0.0546875
1 0.46328125 0.4609375 0.0296875 0.0546875
1 0.4703125 0.5224609375 0.0375 0.068359375
1 0.55234375 0.515625 0.0359375 0.0546875
1 0.62734375 0.509765625 0.0359375 0.0546875
1 0.33125 0.7041015625 0.034375 0.072265625
1 0.41640625 0.7021484375 0.0359375 0.072265625
1 0.5421875 0.6953125 0.03125 0.0703125
1 0.9234375 0.689453125 0.046875 0.078125
1 0.12421875 0.8154296875 0.0390625 0.087890625
1 0.634375 0.4580078125 0.03125 0.052734375
1 0.68984375 0.4521484375 0.0296875 0.052734375
1 0.7453125 0.451171875 0.03125 0.05859375
1 0.96171875 0.42578125 0.0484375 0.0703125
2 0.2671875 0.3037109375 0.009375 0.021484375
2 0.28046875 0.3076171875 0.0109375 0.013671875
2 0.34375 0.328125 0.009375 0.0234375
2 0.35546875 0.33984375 0.0234375 0.03125
2 0.3046875 0.337890625 0.009375 0.02734375
2 0.31171875 0.3212890625 0.0171875 0.021484375
2 0.51796875 0.32421875 0.0203125 0.03125
2 0.5421875 0.3408203125 0.01875 0.037109375
2 0.553125 0.3212890625 0.0125 0.021484375
2 0.5984375 0.3193359375 0.015625 0.025390625
2 0.63203125 0.3076171875 0.0203125 0.044921875
2 0.64609375 0.302734375 0.0203125 0.03515625
2 0.678125 0.2998046875 0.028125 0.037109375
2 0.65703125 0.3349609375 0.0234375 0.037109375
2 0.690625 0.3271484375 0.021875 0.033203125
3 0.2046875 0.6787109375 0.05625 0.162109375