0 0.76796875 0.18359375 0.0296875 0.03515625
0 0.6859375 0.1689453125 0.03125 0.048828125
0 0.7046875 0.283203125 0.028125 0.04296875
0 0.64453125 0.2294921875 0.0203125 0.033203125
0 0.5140625 0.7587890625 0.025 0.041015625
0 0.496875 0.6591796875 0.01875 0.033203125
0 0.4359375 0.703125 0.01875 0.02734375
0 0.45078125 0.685546875 0.0234375 0.0234375
0 0.42890625 0.7607421875 0.0296875 0.029296875
0 0.396875 0.6943359375 0.025 0.037109375
0 0.38515625 0.8291015625 0.0234375 0.025390625
0 0.27109375 0.73046875 0.0328125 0.03125