1 0.63828125 0.30859375 0.0828125 0.1953125
2 0.034375 0.4140625 0.06875 0.0703125
2 0.071875 0.47265625 0.0625 0.06640625
2 0.1453125 0.5576171875 0.0625 0.064453125
2 0.175 0.58984375 0.0625 0.06640625
2 0.2234375 0.6435546875 0.06875 0.080078125
2 0.24765625 0.66796875 0.0515625 0.06640625
2 0.2890625 0.779296875 0.0625 0.078125
2 0.303125 0.8046875 0.053125 0.06640625
2 0.32109375 0.826171875 0.0609375 0.078125
2 0.3484375 0.86328125 0.065625 0.08203125
2 0.3734375 0.8896484375 0.0625 0.072265625
2 0.38671875 0.9130859375 0.0609375 0.072265625
2 0.41953125 0.966796875 0.0546875 0.05078125
2 0.4390625 0.9794921875 0.040625 0.033203125
2 0.2125 0.7265625 0.053125 0.0703125
2 0.16171875 0.787109375 0.0609375 0.0546875
2 0.1234375 0.8251953125 0.0625 0.080078125
2 0.02890625 0.9365234375 0.0546875 0.056640625