1 0.07421875 0.4296875 0.0359375 0.05859375
1 0.225 0.4169921875 0.040625 0.064453125
1 0.015625 0.6806640625 0.03125 0.072265625
1 0.2671875 0.416015625 0.034375 0.05859375
1 0.22890625 0.369140625 0.0296875 0.04296875
1 0.2875 0.365234375 0.03125 0.046875
1 0.33671875 0.353515625 0.0265625 0.046875
1 0.34375 0.412109375 0.03125 0.0546875
1 0.41875 0.4052734375 0.034375 0.052734375
1 0.4953125 0.3515625 0.0375 0.0546875
1 0.49140625 0.3955078125 0.0328125 0.048828125
1 0.55 0.34375 0.03125 0.046875
1 0.6015625 0.33984375 0.03125 0.0546875
1 0.80703125 0.31640625 0.0421875 0.06640625
1 0.9734375 0.35546875 0.04375 0.0703125
1 0.2109375 0.5791015625 0.03125 0.064453125
1 0.2921875 0.5771484375 0.03125 0.064453125
1 0.41328125 0.572265625 0.0359375 0.06640625
1 0.7734375 0.5517578125 0.040625 0.068359375
1 0.89375 0.5439453125 0.05 0.072265625
3 0.08984375 0.556640625 0.0546875 0.1484375
2 0.21640625 0.236328125 0.0109375 0.0234375
2 0.1390625 0.21484375 0.0125 0.015625
2 0.178125 0.2412109375 0.009375 0.033203125
2 0.3859375 0.2265625 0.015625 0.0234375
2 0.22890625 0.2431640625 0.0203125 0.029296875
2 0.4046875 0.240234375 0.01875 0.03515625
2 0.4171875 0.2197265625 0.0125 0.021484375
2 0.46015625 0.2177734375 0.0203125 0.041015625
2 0.43671875 0.224609375 0.0140625 0.01953125
2 0.4921875 0.2060546875 0.01875 0.044921875
2 0.50546875 0.2080078125 0.0171875 0.033203125
2 0.5359375 0.2060546875 0.03125 0.037109375
2 0.51875 0.23046875 0.025 0.046875
2 0.55078125 0.2314453125 0.0140625 0.025390625