1 0.546875 0.89453125 0.065625 0.16796875
1 0.55 0.03125 0.046875 0.0625
2 0.13828125 0.1005859375 0.0453125 0.048828125
2 0.14921875 0.123046875 0.0515625 0.04296875
2 0.17890625 0.1669921875 0.0546875 0.060546875
2 0.20078125 0.1875 0.0484375 0.05078125
2 0.2203125 0.2626953125 0.059375 0.068359375
2 0.22734375 0.28515625 0.0421875 0.046875
2 0.24296875 0.30078125 0.0546875 0.0625
2 0.259375 0.3251953125 0.059375 0.064453125
2 0.27734375 0.3486328125 0.0546875 0.060546875
2 0.28515625 0.3701171875 0.0484375 0.056640625
2 0.309375 0.4130859375 0.05625 0.056640625
2 0.31875 0.4365234375 0.053125 0.052734375
2 0.1671875 0.220703125 0.04375 0.06640625
2 0.11796875 0.255859375 0.0546875 0.05859375
2 0.0828125 0.27734375 0.040625 0.05859375
2 0.0703125 0.4267578125 0.0625 0.072265625
2 0.0953125 0.462890625 0.05 0.05859375
2 0.11328125 0.478515625 0.0578125 0.06640625
2 0.12890625 0.5 0.0546875 0.046875
2 0.1359375 0.5185546875 0.05625 0.056640625
2 0.15078125 0.53515625 0.0578125 0.05078125
2 0.15625 0.55859375 0.05625 0.05078125
2 0.04375 0.5 0.04375 0.06640625
2 0.0203125 0.4609375 0.040625 0.0390625
2 0.00625 0.4033203125 0.0125 0.029296875