0 0.54296875 0.193359375 0.0171875 0.02734375
0 0.5640625 0.5869140625 0.015625 0.037109375
0 0.54765625 0.591796875 0.0109375 0.0390625
0 0.5359375 0.59765625 0.015625 0.03515625
0 0.52890625 0.5751953125 0.0140625 0.029296875
0 0.33984375 0.7783203125 0.0171875 0.033203125
0 0.32578125 0.767578125 0.0140625 0.04296875
0 0.303125 0.791015625 0.01875 0.03515625
0 0.32578125 0.81640625 0.0265625 0.046875
0 0.35 0.8310546875 0.0125 0.037109375
0 0.340625 0.859375 0.015625 0.04296875
0 0.26171875 0.8076171875 0.0171875 0.037109375
0 0.24375 0.8193359375 0.01875 0.033203125
1 0.2703125 0.3125 0.06875 0.06640625
1 0.24375 0.3369140625 0.065625 0.064453125
1 0.22578125 0.359375 0.0609375 0.05859375
1 0.19453125 0.3779296875 0.0578125 0.060546875
1 0.1796875 0.4052734375 0.0625 0.060546875
1 0.1484375 0.4208984375 0.059375 0.064453125
1 0.1234375 0.44140625 0.065625 0.0703125
1 0.090625 0.462890625 0.0625 0.0703125
1 0.0640625 0.48828125 0.06875 0.07421875
1 0.03828125 0.5087890625 0.0609375 0.064453125
1 0.015625 0.525390625 0.03125 0.04296875
1 0.00625 0.5556640625 0.0125 0.021484375