1 0.56328125 0.310546875 0.0578125 0.140625
0 0.19375 0.3212890625 0.025 0.048828125
2 0.1328125 0.42578125 0.04375 0.04296875
2 0.1484375 0.453125 0.053125 0.046875
2 0.178125 0.498046875 0.05625 0.0546875
2 0.2 0.5205078125 0.05 0.056640625
2 0.21796875 0.60546875 0.0578125 0.0625
2 0.23125 0.62890625 0.05 0.0546875
2 0.24453125 0.6474609375 0.0578125 0.064453125
2 0.26328125 0.6748046875 0.0609375 0.064453125
2 0.28203125 0.69921875 0.0578125 0.0625
2 0.2875 0.7216796875 0.053125 0.060546875
2 0.31171875 0.7705078125 0.0609375 0.068359375
2 0.3265625 0.7919921875 0.053125 0.056640625
2 0.16484375 0.5595703125 0.0390625 0.060546875
2 0.1125 0.5986328125 0.053125 0.064453125
2 0.078125 0.62109375 0.04375 0.06640625
2 0.1546875 0.9287109375 0.0625 0.056640625
2 0.15 0.904296875 0.05625 0.046875
2 0.13359375 0.8876953125 0.0609375 0.056640625
2 0.12734375 0.8671875 0.0546875 0.05078125
2 0.1109375 0.8427734375 0.05625 0.064453125
2 0.0921875 0.8271484375 0.05 0.056640625
2 0.0375 0.8681640625 0.040625 0.068359375
2 0.06328125 0.7841796875 0.0671875 0.080078125
2 0.01640625 0.82421875 0.0328125 0.03515625