0 0.83125 0.248046875 0.025 0.03515625
0 0.765625 0.2998046875 0.021875 0.033203125
0 0.7203125 0.318359375 0.025 0.0390625
0 0.69609375 0.3232421875 0.0203125 0.041015625
0 0.55234375 0.64453125 0.0265625 0.03125
0 0.54609375 0.7529296875 0.0234375 0.033203125
0 0.53515625 0.673828125 0.0265625 0.03125
0 0.515625 0.681640625 0.01875 0.03125
0 0.54375 0.8134765625 0.01875 0.029296875
0 0.471875 0.6826171875 0.021875 0.029296875
0 0.45859375 0.7587890625 0.0234375 0.037109375
0 0.50625 0.814453125 0.03125 0.05078125
1 0.02109375 0.2177734375 0.0421875 0.072265625
1 0.03359375 0.162109375 0.0671875 0.09765625
1 0.05859375 0.107421875 0.1140625 0.12109375
1 0.09921875 0.05859375 0.1078125 0.1171875
1 0.1359375 0.0302734375 0.1 0.060546875