1 0.6234375 0.1044921875 0.0625 0.169921875
2 0.040625 0.10546875 0.05 0.046875
2 0.06640625 0.166015625 0.0453125 0.04296875
2 0.128125 0.2587890625 0.053125 0.048828125
2 0.1390625 0.28125 0.0375 0.05078125
2 0.15078125 0.2939453125 0.0546875 0.048828125
2 0.1859375 0.357421875 0.0625 0.06640625
2 0.209375 0.3818359375 0.05625 0.060546875
2 0.2359375 0.4931640625 0.059375 0.068359375
2 0.24921875 0.517578125 0.0484375 0.0546875
2 0.2671875 0.54296875 0.0625 0.0703125
2 0.2859375 0.580078125 0.0625 0.0703125
2 0.3078125 0.6123046875 0.05625 0.060546875
2 0.31875 0.6328125 0.05625 0.06640625
2 0.3453125 0.697265625 0.059375 0.06640625
2 0.36015625 0.7177734375 0.0578125 0.064453125
2 0.1765625 0.8974609375 0.065625 0.068359375
2 0.1671875 0.86328125 0.059375 0.0546875
2 0.14921875 0.84375 0.0640625 0.05859375
2 0.1421875 0.8173828125 0.05625 0.044921875
2 0.125 0.7900390625 0.05625 0.064453125
2 0.10078125 0.767578125 0.0515625 0.05859375
2 0.071875 0.71875 0.065625 0.078125
2 0.1734375 0.4326171875 0.04375 0.068359375
2 0.11796875 0.48046875 0.0578125 0.06640625
2 0.07578125 0.5107421875 0.0515625 0.072265625
2 0.0421875 0.8134765625 0.040625 0.064453125
2 0.01640625 0.7607421875 0.0328125 0.025390625