1 0.89375 0.5126953125 0.10625 0.150390625
1 0.7828125 0.5712890625 0.10625 0.150390625
1 0.69296875 0.591796875 0.0890625 0.13671875
1 0.625 0.6611328125 0.096875 0.146484375
1 0.19609375 0.8916015625 0.0953125 0.154296875
1 0.13125 0.91796875 0.0875 0.140625
0 0.3109375 0.7705078125 0.01875 0.033203125
0 0.33828125 0.771484375 0.0140625 0.0390625
0 0.35078125 0.73828125 0.0296875 0.046875
2 0.10859375 0.75390625 0.0484375 0.06640625
2 0.17890625 0.7099609375 0.0546875 0.029296875
2 0.1765625 0.7392578125 0.05625 0.044921875