1 0.07421875 0.6767578125 0.0859375 0.130859375
1 0.2453125 0.556640625 0.084375 0.13671875
1 0.3234375 0.509765625 0.096875 0.13671875
1 0.41015625 0.46484375 0.0765625 0.12109375
1 0.5734375 0.3837890625 0.084375 0.119140625
1 0.6421875 0.33984375 0.08125 0.125
1 0.36171875 0.6708984375 0.1078125 0.158203125
1 0.25 0.740234375 0.1 0.1484375
1 0.71640625 0.8896484375 0.1203125 0.173828125
2 0.0796875 0.259765625 0.034375 0.05078125
2 0.1125 0.236328125 0.040625 0.0625
2 0.28125 0.208984375 0.04375 0.05859375
2 0.14296875 0.1533203125 0.0484375 0.064453125
2 0.096875 0.1884765625 0.0375 0.052734375
2 0.1109375 0.1875 0.03125 0.04296875
2 0.05390625 0.2119140625 0.0328125 0.056640625
2 0.40078125 0.15234375 0.0421875 0.05078125
2 0.46875 0.1025390625 0.05625 0.052734375
2 0.61328125 0.0166015625 0.0484375 0.033203125
2 0.3015625 0.134765625 0.046875 0.05859375
2 0.284375 0.1484375 0.034375 0.05859375
2 0.26328125 0.1474609375 0.0390625 0.052734375
2 0.25859375 0.1103515625 0.0296875 0.044921875
2 0.2734375 0.0732421875 0.040625 0.048828125
2 0.24140625 0.052734375 0.0234375 0.05859375
2 0.2265625 0.064453125 0.034375 0.05859375
2 0.20234375 0.0849609375 0.0390625 0.052734375
2 0.1453125 0.0556640625 0.040625 0.056640625
2 0.1828125 0.0341796875 0.0375 0.064453125
2 0.20390625 0.017578125 0.0234375 0.03515625
2 0.23359375 0.01171875 0.0171875 0.0234375