1 0.55390625 0.943359375 0.0703125 0.10546875
1 0.734375 0.919921875 0.08125 0.15625
1 0.35625 0.455078125 0.084375 0.14453125
1 0.49765625 0.416015625 0.0703125 0.125
1 0.65703125 0.361328125 0.0703125 0.1171875
1 0.728125 0.3388671875 0.075 0.111328125
1 0.8015625 0.314453125 0.06875 0.109375
1 0.95625 0.2763671875 0.075 0.111328125
1 0.63984375 0.4970703125 0.0765625 0.123046875
1 0.7421875 0.458984375 0.08125 0.1328125
2 0.2171875 0.1181640625 0.03125 0.052734375
2 0.190625 0.1416015625 0.021875 0.041015625
2 0.19765625 0.1787109375 0.0171875 0.033203125
2 0.2046875 0.138671875 0.025 0.0546875
2 0.21640625 0.1767578125 0.0203125 0.044921875
2 0.221875 0.2138671875 0.021875 0.052734375
2 0.2375 0.2001953125 0.015625 0.048828125
2 0.25390625 0.1630859375 0.0328125 0.056640625
2 0.29296875 0.15625 0.0421875 0.0625
2 0.31953125 0.15234375 0.0515625 0.07421875
2 0.55 0.109375 0.0375 0.0546875
2 0.58046875 0.099609375 0.0328125 0.05859375
2 0.55390625 0.064453125 0.0296875 0.046875
2 0.57109375 0.05859375 0.0296875 0.046875
2 0.61640625 0.044921875 0.0296875 0.0546875
2 0.72421875 0.107421875 0.0390625 0.05859375
2 0.53125 0.0771484375 0.03125 0.048828125
2 0.675 0.009765625 0.01875 0.01953125
2 0.7171875 0.025390625 0.025 0.04296875
2 0.715625 0.0556640625 0.03125 0.044921875
2 0.7328125 0.0595703125 0.028125 0.052734375
2 0.75078125 0.0546875 0.0359375 0.0546875
2 0.8328125 0.08203125 0.04375 0.046875
2 0.9015625 0.0556640625 0.05625 0.048828125