1 0.3859375 0.8955078125 0.065625 0.091796875
1 0.3296875 0.4921875 0.053125 0.08203125
1 0.440625 0.4697265625 0.059375 0.087890625
1 0.6140625 0.3720703125 0.0625 0.083984375
1 0.37734375 0.310546875 0.0359375 0.05078125
1 0.4375 0.2939453125 0.046875 0.060546875
1 0.1890625 0.296875 0.053125 0.078125
1 0.27734375 0.2802734375 0.0515625 0.072265625
1 0.3828125 0.2568359375 0.0375 0.056640625
1 0.41796875 0.2451171875 0.0546875 0.072265625
1 0.46875 0.228515625 0.0375 0.0546875
1 0.5609375 0.2099609375 0.05 0.064453125
1 0.60078125 0.19921875 0.0421875 0.06640625
2 0.08046875 0.1865234375 0.0203125 0.033203125
2 0.09609375 0.2041015625 0.0203125 0.037109375
2 0.0921875 0.166015625 0.025 0.03515625
2 0.1078125 0.1953125 0.0125 0.03125
2 0.11640625 0.181640625 0.0265625 0.03515625
2 0.1578125 0.171875 0.025 0.0390625
2 0.1421875 0.177734375 0.028125 0.04296875
2 0.30390625 0.154296875 0.0265625 0.0390625
2 0.3234375 0.1494140625 0.028125 0.041015625
2 0.34453125 0.130859375 0.0296875 0.0390625
2 0.3484375 0.09765625 0.021875 0.03125
2 0.3734375 0.1044921875 0.03125 0.048828125
2 0.40234375 0.095703125 0.0140625 0.03125
2 0.3828125 0.0859375 0.015625 0.01953125
2 0.40703125 0.1298828125 0.0203125 0.029296875
2 0.415625 0.1533203125 0.021875 0.025390625
2 0.43203125 0.130859375 0.0203125 0.03125
2 0.41796875 0.1337890625 0.0203125 0.025390625