1 0.371875 0.8515625 0.096875 0.1640625
1 0.528125 0.810546875 0.075 0.14453125
1 0.6890625 0.73828125 0.084375 0.15625
1 0.76875 0.71875 0.09375 0.1484375
1 0.8515625 0.6904296875 0.075 0.134765625
1 0.7890625 0.8603515625 0.090625 0.150390625
1 0.675 0.8984375 0.08125 0.1328125
2 0.19921875 0.49609375 0.0171875 0.0390625
2 0.20390625 0.537109375 0.0203125 0.05078125
2 0.21171875 0.4912109375 0.0140625 0.044921875
2 0.2234375 0.5322265625 0.015625 0.048828125
2 0.2234375 0.47265625 0.025 0.0546875
2 0.2296875 0.580078125 0.015625 0.0546875
2 0.246875 0.560546875 0.015625 0.046875
2 0.2625 0.5205078125 0.034375 0.056640625
2 0.3046875 0.5126953125 0.046875 0.064453125
2 0.334375 0.5048828125 0.05625 0.080078125
2 0.5765625 0.4599609375 0.040625 0.056640625
2 0.56171875 0.4189453125 0.0390625 0.056640625
2 0.5796875 0.4111328125 0.028125 0.048828125
2 0.603125 0.4052734375 0.025 0.044921875
2 0.6078125 0.451171875 0.03125 0.0546875
2 0.64609375 0.3876953125 0.0390625 0.064453125
2 0.65859375 0.3017578125 0.0328125 0.060546875
2 0.69609375 0.29296875 0.0359375 0.05859375
2 0.70625 0.341796875 0.034375 0.0546875
2 0.715625 0.28125 0.028125 0.05078125
2 0.7390625 0.2783203125 0.028125 0.048828125
2 0.75 0.2705078125 0.028125 0.048828125
2 0.76796875 0.2734375 0.0296875 0.0546875
2 0.73203125 0.328125 0.0265625 0.0546875
2 0.74609375 0.3203125 0.0203125 0.05078125
2 0.75546875 0.369140625 0.0234375 0.046875
2 0.753125 0.4013671875 0.034375 0.048828125
2 0.77265625 0.4052734375 0.0265625 0.052734375
2 0.7890625 0.3974609375 0.040625 0.056640625
2 0.7640625 0.4541015625 0.0375 0.056640625
2 0.88046875 0.4287109375 0.0484375 0.048828125