0 0.62734375 0.4306640625 0.0109375 0.029296875
0 0.60390625 0.4140625 0.0140625 0.03125
0 0.59921875 0.4443359375 0.0140625 0.029296875
0 0.57265625 0.3876953125 0.0140625 0.025390625
0 0.575 0.419921875 0.015625 0.02734375
0 0.56015625 0.427734375 0.0140625 0.03515625
0 0.5875 0.513671875 0.0125 0.03515625
0 0.559375 0.5107421875 0.0125 0.029296875
0 0.55546875 0.5380859375 0.0140625 0.029296875
0 0.68359375 0.556640625 0.0140625 0.02734375
0 0.65703125 0.5791015625 0.0171875 0.029296875
0 0.5296875 0.4169921875 0.0125 0.025390625
0 0.5078125 0.388671875 0.0125 0.02734375
0 0.490625 0.3974609375 0.009375 0.025390625
0 0.48515625 0.4150390625 0.0109375 0.029296875
0 0.49765625 0.4404296875 0.0140625 0.037109375
0 0.28203125 0.806640625 0.0140625 0.0390625
0 0.31796875 0.8115234375 0.0109375 0.029296875
0 0.51875 0.79296875 0.0125 0.01953125
0 0.5171875 0.8173828125 0.01875 0.033203125
0 0.5171875 0.84375 0.0125 0.03515625
0 0.553125 0.8095703125 0.015625 0.029296875
0 0.5484375 0.83203125 0.01875 0.0234375