1 0.68203125 0.46484375 0.0578125 0.13671875
1 0.8421875 0.4931640625 0.053125 0.130859375
1 0.965625 0.64453125 0.046875 0.1171875
1 0.9421875 0.48046875 0.065625 0.1328125
2 0.759375 0.099609375 0.03125 0.0546875
2 0.734375 0.1015625 0.03125 0.0546875
2 0.6890625 0.0927734375 0.021875 0.056640625
2 0.6671875 0.0302734375 0.021875 0.056640625
2 0.6484375 0.046875 0.01875 0.046875
2 0.6453125 0.091796875 0.01875 0.04296875
2 0.6359375 0.1376953125 0.04375 0.064453125
2 0.65 0.1591796875 0.046875 0.060546875
0 0.921875 0.0927734375 0.025 0.048828125
0 0.9421875 0.1103515625 0.01875 0.029296875
0 0.953125 0.1103515625 0.015625 0.025390625