0 0.35859375 0.029296875 0.0203125 0.03515625
0 0.2828125 0.048828125 0.01875 0.03125
0 0.2640625 0.0927734375 0.01875 0.033203125
0 0.2703125 0.1328125 0.021875 0.02734375
0 0.29921875 0.4189453125 0.0265625 0.041015625
0 0.2578125 0.447265625 0.01875 0.0390625
0 0.30703125 0.5390625 0.0171875 0.03515625
0 0.2296875 0.5634765625 0.01875 0.033203125
0 0.34609375 0.5634765625 0.0171875 0.033203125
0 0.26328125 0.6552734375 0.0234375 0.029296875
0 0.33828125 0.6337890625 0.0234375 0.029296875
0 0.19765625 0.5126953125 0.0171875 0.033203125