1 0.3859375 0.193359375 0.121875 0.0859375
1 0.39765625 0.46875 0.1265625 0.078125
1 0.40703125 0.59765625 0.1171875 0.078125
1 0.41484375 0.72265625 0.1359375 0.08984375
1 0.2328125 0.3857421875 0.11875 0.091796875
1 0.24140625 0.560546875 0.1453125 0.09765625
1 0.39765625 0.9736328125 0.1171875 0.044921875
2 0.80546875 0.017578125 0.0484375 0.03515625
2 0.7765625 0.4248046875 0.0625 0.080078125
2 0.83984375 0.4501953125 0.0453125 0.025390625
2 0.89765625 0.4384765625 0.0359375 0.029296875
2 0.78203125 0.4833984375 0.0484375 0.041015625
2 0.84140625 0.4912109375 0.0484375 0.021484375
2 0.83046875 0.509765625 0.0265625 0.0234375
2 0.85078125 0.5693359375 0.0671875 0.037109375
2 0.9546875 0.634765625 0.053125 0.03515625
2 0.9484375 0.6923828125 0.05625 0.037109375
2 0.8921875 0.6884765625 0.053125 0.041015625
2 0.96875 0.7373046875 0.04375 0.037109375
2 0.96796875 0.7802734375 0.0515625 0.021484375
2 0.96796875 0.796875 0.0484375 0.02734375
2 0.96171875 0.8251953125 0.0453125 0.025390625
2 0.9 0.736328125 0.046875 0.0390625
2 0.90546875 0.7646484375 0.0609375 0.052734375
2 0.8375 0.751953125 0.05 0.03125
2 0.8671875 0.791015625 0.05625 0.046875
2 0.79765625 0.734375 0.0515625 0.04296875
2 0.78671875 0.7626953125 0.0515625 0.025390625
2 0.7890625 0.7919921875 0.059375 0.041015625
2 0.73046875 0.7236328125 0.0515625 0.041015625