1 0.20078125 0.4111328125 0.0453125 0.060546875
1 0.2859375 0.3896484375 0.040625 0.052734375
1 0.38359375 0.3623046875 0.0359375 0.044921875
1 0.42109375 0.349609375 0.0515625 0.06640625
1 0.471875 0.3388671875 0.0375 0.048828125
1 0.5640625 0.318359375 0.0375 0.0546875
1 0.60390625 0.3095703125 0.0359375 0.052734375
1 0.44140625 0.39453125 0.0390625 0.0546875
1 0.37890625 0.4111328125 0.0328125 0.044921875
1 0.61484375 0.474609375 0.0578125 0.08203125
1 0.44375 0.5703125 0.05625 0.08203125
1 0.33359375 0.5888671875 0.0546875 0.080078125
1 0.38359375 0.9755859375 0.0453125 0.044921875
2 0.0875 0.2939453125 0.01875 0.037109375
2 0.103125 0.3095703125 0.021875 0.041015625
2 0.115625 0.30859375 0.0125 0.02734375
2 0.125 0.2880859375 0.025 0.041015625
2 0.1484375 0.28515625 0.028125 0.04296875
2 0.16484375 0.28515625 0.0390625 0.05078125
2 0.30859375 0.2646484375 0.0265625 0.037109375
2 0.3265625 0.259765625 0.028125 0.04296875
2 0.34765625 0.2412109375 0.0203125 0.029296875
2 0.35390625 0.2119140625 0.0234375 0.037109375
2 0.378125 0.2138671875 0.025 0.044921875
2 0.41796875 0.265625 0.0265625 0.03125
2 0.4046875 0.2060546875 0.015625 0.033203125
2 0.409375 0.240234375 0.025 0.03125
2 0.42109375 0.2431640625 0.0265625 0.033203125
2 0.4328125 0.244140625 0.025 0.03515625
2 0.38671875 0.19921875 0.0234375 0.03125