0 0.24375 0.1630859375 0.021875 0.025390625
0 0.26796875 0.158203125 0.0203125 0.03125
0 0.2453125 0.205078125 0.028125 0.03125
0 0.40078125 0.3076171875 0.0171875 0.037109375
0 0.45 0.6650390625 0.015625 0.025390625
0 0.446875 0.7109375 0.028125 0.0390625
0 0.38046875 0.7041015625 0.0203125 0.029296875
0 0.39609375 0.7158203125 0.0171875 0.025390625
0 0.33125 0.7783203125 0.01875 0.021484375
0 0.4375 0.810546875 0.01875 0.02734375
0 0.378125 0.8203125 0.034375 0.04296875
0 0.3703125 0.8486328125 0.021875 0.021484375