2 0.0078125 0.5390625 0.015625 0.04296875
2 0.034375 0.5234375 0.046875 0.06640625
2 0.1875 0.4912109375 0.046875 0.056640625
2 0.059375 0.4521484375 0.04375 0.056640625
2 0.01796875 0.478515625 0.0359375 0.05078125
2 0.29609375 0.4365234375 0.0453125 0.048828125
2 0.16875 0.4404296875 0.040625 0.048828125
2 0.1875 0.4384765625 0.0375 0.052734375
2 0.20390625 0.427734375 0.0453125 0.0546875
2 0.165625 0.4052734375 0.03125 0.048828125
2 0.11328125 0.3916015625 0.0359375 0.048828125
2 0.13359375 0.3740234375 0.0328125 0.052734375
2 0.14609375 0.359375 0.0265625 0.05078125
2 0.17890625 0.3740234375 0.0390625 0.041015625
2 0.059375 0.3671875 0.0375 0.0546875
2 0.0921875 0.349609375 0.0375 0.05859375
2 0.1109375 0.328125 0.0375 0.05859375
2 0.13671875 0.3173828125 0.0453125 0.060546875
2 0.1625 0.3095703125 0.034375 0.056640625
2 0.3578125 0.3984375 0.053125 0.0546875
2 0.48828125 0.314453125 0.0546875 0.05859375
2 0.659375 0.166015625 0.046875 0.0546875
1 0.02109375 0.91015625 0.0421875 0.1015625
1 0.16640625 0.802734375 0.0765625 0.10546875
1 0.2359375 0.7587890625 0.078125 0.107421875
1 0.30859375 0.7119140625 0.0828125 0.126953125
1 0.459375 0.623046875 0.084375 0.1171875
1 0.27421875 0.8837890625 0.1046875 0.146484375
1 0.5203125 0.580078125 0.08125 0.125
1 0.17421875 0.9521484375 0.0703125 0.087890625