2 0.32109375 0.572265625 0.0234375 0.05859375
2 0.309375 0.6552734375 0.015625 0.044921875
2 0.35625 0.6396484375 0.025 0.060546875
2 0.30859375 0.703125 0.0265625 0.05859375
2 0.3328125 0.7080078125 0.034375 0.056640625
2 0.40390625 0.63671875 0.0453125 0.06640625
2 0.43203125 0.626953125 0.0453125 0.0625
2 0.71953125 0.6318359375 0.0484375 0.064453125
2 0.75703125 0.623046875 0.0359375 0.06640625
2 0.709375 0.5712890625 0.053125 0.068359375
2 0.7640625 0.5673828125 0.0375 0.060546875
2 0.81171875 0.5537109375 0.0328125 0.068359375
2 0.934375 0.6611328125 0.034375 0.064453125
2 0.9328125 0.5927734375 0.034375 0.064453125
2 0.953125 0.6025390625 0.025 0.060546875
2 0.975 0.59765625 0.0375 0.06640625
2 0.93984375 0.55078125 0.0265625 0.0546875
2 0.9625 0.521484375 0.0375 0.0546875
2 0.88828125 0.505859375 0.0265625 0.0546875
2 0.91875 0.4921875 0.028125 0.0546875
2 0.9375 0.490234375 0.034375 0.05859375
2 0.83984375 0.4521484375 0.0296875 0.056640625
2 0.884375 0.4462890625 0.03125 0.064453125
2 0.91015625 0.4326171875 0.0265625 0.048828125
2 0.9359375 0.4296875 0.021875 0.046875
2 0.9515625 0.4287109375 0.015625 0.048828125
2 0.96953125 0.4326171875 0.0203125 0.052734375