0 0.30546875 0.220703125 0.0296875 0.04296875
0 0.29765625 0.2001953125 0.0203125 0.037109375
0 0.24375 0.2392578125 0.015625 0.037109375
0 0.2625 0.234375 0.021875 0.0390625
0 0.234375 0.5146484375 0.021875 0.037109375
0 0.20390625 0.5234375 0.0140625 0.0234375
0 0.21328125 0.5224609375 0.0171875 0.033203125
0 0.22578125 0.53515625 0.0109375 0.01953125
0 0.23359375 0.5400390625 0.0140625 0.021484375
0 0.20390625 0.5751953125 0.0203125 0.037109375
0 0.2296875 0.5791015625 0.0125 0.029296875
0 0.3 0.60546875 0.015625 0.03515625
0 0.253125 0.603515625 0.015625 0.04296875
0 0.2015625 0.6318359375 0.01875 0.033203125
0 0.2625 0.646484375 0.015625 0.03515625
2 0.9046875 0.8701171875 0.028125 0.048828125