0 0.30078125 0.1669921875 0.0140625 0.033203125
0 0.2765625 0.1650390625 0.01875 0.033203125
0 0.259375 0.1552734375 0.01875 0.041015625
0 0.21875 0.5224609375 0.015625 0.037109375
0 0.23828125 0.53515625 0.0171875 0.03515625
0 0.30390625 0.537109375 0.0234375 0.04296875
0 0.2203125 0.56640625 0.01875 0.02734375
0 0.2171875 0.591796875 0.0125 0.02734375
0 0.2296875 0.59375 0.0125 0.02734375
0 0.24296875 0.6044921875 0.0140625 0.025390625
0 0.25078125 0.61328125 0.0140625 0.0234375
0 0.26875 0.5888671875 0.01875 0.033203125
0 0.2953125 0.6201171875 0.021875 0.044921875
0 0.32109375 0.6083984375 0.0171875 0.033203125