0 0.23984375 0.38671875 0.0328125 0.0390625
2 0.23515625 0.3935546875 0.0453125 0.048828125
2 0.2515625 0.447265625 0.059375 0.0703125
2 0.296875 0.455078125 0.034375 0.06640625
2 0.31640625 0.390625 0.0234375 0.05859375
2 0.2890625 0.314453125 0.0125 0.04296875
2 0.2859375 0.380859375 0.034375 0.05859375
2 0.3296875 0.4033203125 0.015625 0.041015625
2 0.3796875 0.396484375 0.034375 0.07421875
2 0.4484375 0.2939453125 0.0375 0.068359375
2 0.490625 0.3154296875 0.040625 0.072265625
2 0.50078125 0.2783203125 0.0484375 0.048828125
2 0.53125 0.30078125 0.0375 0.06640625
2 0.559375 0.310546875 0.0375 0.0703125
2 0.575 0.3154296875 0.034375 0.068359375
2 0.59296875 0.3291015625 0.0328125 0.064453125
2 0.47734375 0.375 0.0265625 0.05859375
2 0.515625 0.37890625 0.034375 0.0625
2 0.5359375 0.3798828125 0.05 0.072265625
2 0.55 0.4287109375 0.021875 0.060546875
2 0.51171875 0.4580078125 0.0265625 0.056640625
2 0.49140625 0.5009765625 0.0234375 0.060546875
2 0.5109375 0.515625 0.03125 0.0703125
2 0.53359375 0.5205078125 0.0234375 0.072265625
2 0.465625 0.57421875 0.028125 0.0625
2 0.6140625 0.625 0.053125 0.03125
2 0.70703125 0.6455078125 0.0640625 0.052734375
2 0.9078125 0.6923828125 0.06875 0.056640625
1 0.18828125 0.91796875 0.0703125 0.1484375
1 0.290625 0.9384765625 0.065625 0.115234375
1 0.39609375 0.931640625 0.0734375 0.12890625
1 0.609375 0.9658203125 0.071875 0.060546875