0 0.3375 0.5068359375 0.015625 0.041015625
0 0.31484375 0.5048828125 0.0171875 0.037109375
0 0.28125 0.5263671875 0.01875 0.033203125
0 0.2953125 0.5498046875 0.015625 0.033203125
0 0.24140625 0.8115234375 0.0171875 0.037109375
0 0.21796875 0.818359375 0.0203125 0.03125
0 0.3078125 0.9052734375 0.01875 0.037109375
0 0.20859375 0.84765625 0.0140625 0.01953125
0 0.21953125 0.8544921875 0.0140625 0.025390625
0 0.23203125 0.8603515625 0.0109375 0.025390625
0 0.2421875 0.8720703125 0.0125 0.021484375
0 0.2046875 0.8955078125 0.01875 0.041015625
0 0.18125 0.9169921875 0.021875 0.037109375
0 0.2375 0.9189453125 0.01875 0.041015625
0 0.2546875 0.927734375 0.01875 0.03125