2 0.6484375 0.1328125 0.0625 0.0546875
2 0.4578125 0.18359375 0.059375 0.0390625
2 0.36640625 0.2177734375 0.0515625 0.048828125
2 0.2140625 0.244140625 0.040625 0.0703125
2 0.259375 0.1650390625 0.040625 0.076171875
2 0.23828125 0.169921875 0.0296875 0.0703125
2 0.2140625 0.1630859375 0.0375 0.072265625
2 0.21875 0.109375 0.03125 0.06640625
2 0.24453125 0.0712890625 0.0453125 0.068359375
2 0.0203125 0.22265625 0.040625 0.0703125
2 0.0171875 0.1513671875 0.03125 0.060546875
2 0.0328125 0.1572265625 0.025 0.048828125
2 0.07578125 0.125 0.0359375 0.08203125
2 0.16015625 0.0595703125 0.0328125 0.064453125
2 0.196875 0.04296875 0.01875 0.0546875
2 0.21875 0.033203125 0.025 0.06640625
2 0.11015625 0.0126953125 0.0140625 0.025390625
2 0.15625 0.0126953125 0.015625 0.025390625
1 0.57421875 0.5615234375 0.0703125 0.158203125
1 0.4796875 0.578125 0.08125 0.16796875
1 0.27265625 0.6181640625 0.0671875 0.158203125
1 0.171875 0.64453125 0.090625 0.17578125
1 0.0671875 0.666015625 0.08125 0.16796875
1 0.16875 0.853515625 0.096875 0.1875
1 0.03359375 0.90234375 0.0671875 0.1484375