0 0.24375 0.177734375 0.0125 0.03125
0 0.23828125 0.2021484375 0.0109375 0.025390625
0 0.49375 0.1650390625 0.0125 0.029296875
0 0.5 0.181640625 0.0125 0.01953125
0 0.5375 0.16015625 0.01875 0.03515625
0 0.5296875 0.173828125 0.0125 0.01953125
0 0.52734375 0.19921875 0.0203125 0.0390625
0 0.97265625 0.359375 0.0203125 0.03125
0 0.96015625 0.416015625 0.0203125 0.0390625
0 0.2078125 0.7978515625 0.03125 0.044921875
0 0.1421875 0.798828125 0.01875 0.03515625
0 0.12109375 0.7978515625 0.0203125 0.052734375