1 0.825 0.6279296875 0.084375 0.142578125
1 0.74609375 0.6708984375 0.0859375 0.138671875
1 0.56796875 0.744140625 0.0796875 0.13671875
1 0.484375 0.787109375 0.0875 0.13671875
1 0.39375 0.8173828125 0.0875 0.142578125
1 0.209375 0.92578125 0.0875 0.140625
1 0.0296875 0.958984375 0.059375 0.07421875
1 0.3796875 0.9775390625 0.053125 0.037109375
1 0.5109375 0.9404296875 0.0875 0.111328125
2 0.22734375 0.43359375 0.0453125 0.0625
2 0.24921875 0.4814453125 0.0453125 0.064453125
2 0.25 0.4228515625 0.034375 0.056640625
2 0.28828125 0.4638671875 0.0484375 0.068359375
2 0.27421875 0.41015625 0.0328125 0.05078125
2 0.29296875 0.4169921875 0.0234375 0.037109375
2 0.3234375 0.3818359375 0.04375 0.068359375
2 0.46171875 0.4501953125 0.0390625 0.060546875
2 0.5859375 0.4033203125 0.046875 0.048828125
2 0.66015625 0.359375 0.0609375 0.0546875
2 0.81640625 0.2802734375 0.0609375 0.064453125
2 0.4453125 0.3857421875 0.0375 0.060546875
2 0.4859375 0.375 0.04375 0.0625
2 0.46640625 0.3857421875 0.0328125 0.060546875
2 0.44375 0.3447265625 0.03125 0.052734375
2 0.4609375 0.3056640625 0.040625 0.052734375
2 0.38828125 0.3115234375 0.0359375 0.052734375
2 0.41484375 0.2919921875 0.0296875 0.052734375
2 0.43203125 0.2822265625 0.0171875 0.052734375
2 0.33125 0.2744140625 0.0375 0.060546875
2 0.37421875 0.2578125 0.0328125 0.05859375
2 0.39453125 0.232421875 0.0359375 0.0625
2 0.42109375 0.2314453125 0.0328125 0.056640625
2 0.43359375 0.22265625 0.0296875 0.0546875
2 0.45078125 0.220703125 0.0296875 0.0546875