1 0.1125 0.544921875 0.059375 0.09375
1 0.23359375 0.501953125 0.0546875 0.08203125
1 0.37109375 0.4453125 0.0546875 0.078125
1 0.41875 0.4248046875 0.071875 0.095703125
1 0.48671875 0.3955078125 0.0578125 0.087890625
1 0.61484375 0.3525390625 0.0578125 0.087890625
1 0.6671875 0.3369140625 0.0625 0.095703125
1 0.69453125 0.6552734375 0.0828125 0.119140625
1 0.44296875 0.5146484375 0.0765625 0.107421875
1 0.35703125 0.5458984375 0.0671875 0.095703125
1 0.45625 0.8525390625 0.0875 0.138671875
1 0.30234375 0.900390625 0.0765625 0.1328125
1 0.8203125 0.962890625 0.065625 0.06640625
2 0.0078125 0.32421875 0.015625 0.046875
2 0.0390625 0.3173828125 0.040625 0.052734375
2 0.0609375 0.3115234375 0.04375 0.056640625
2 0.25859375 0.2646484375 0.0328125 0.044921875
2 0.28359375 0.255859375 0.0328125 0.05859375
2 0.3125 0.2138671875 0.03125 0.052734375
2 0.3203125 0.1552734375 0.0375 0.060546875
2 0.40859375 0.251953125 0.0328125 0.046875
2 0.346875 0.1435546875 0.021875 0.041015625
2 0.35859375 0.1806640625 0.0296875 0.044921875
2 0.36484375 0.13671875 0.0234375 0.04296875
2 0.38515625 0.12890625 0.0203125 0.03515625
2 0.39140625 0.1611328125 0.0140625 0.033203125
2 0.40703125 0.1279296875 0.0234375 0.044921875
2 0.38046875 0.1728515625 0.0234375 0.037109375
2 0.3984375 0.2138671875 0.034375 0.048828125
2 0.41484375 0.2197265625 0.0265625 0.041015625
2 0.4296875 0.2138671875 0.034375 0.048828125
2 0.5015625 0.228515625 0.034375 0.03515625
2 0.6671875 0.162109375 0.04375 0.04296875