0 0.45 0.3701171875 0.01875 0.029296875
0 0.390625 0.4619140625 0.015625 0.033203125
0 0.34375 0.4697265625 0.021875 0.044921875
0 0.290625 0.8369140625 0.015625 0.029296875
0 0.303125 0.8408203125 0.015625 0.033203125
0 0.334375 0.873046875 0.0125 0.03515625
0 0.37109375 0.8720703125 0.0171875 0.033203125
0 0.29765625 0.8798828125 0.0171875 0.033203125
0 0.2828125 0.9013671875 0.025 0.041015625
0 0.27265625 0.9765625 0.0140625 0.0234375
0 0.29609375 0.9560546875 0.0140625 0.029296875
0 0.3109375 0.9619140625 0.0125 0.021484375
0 0.3234375 0.9716796875 0.0125 0.025390625
0 0.3328125 0.982421875 0.015625 0.0234375