1 0.05625 0.255859375 0.075 0.109375
1 0.125 0.216796875 0.078125 0.10546875
1 0.18984375 0.1796875 0.0890625 0.125
1 0.328125 0.1064453125 0.084375 0.115234375
1 0.3875 0.0771484375 0.084375 0.119140625
1 0.43671875 0.0244140625 0.0515625 0.048828125
1 0.06015625 0.3798828125 0.0828125 0.115234375
1 0.15390625 0.326171875 0.0921875 0.12890625
1 0.0453125 0.8310546875 0.090625 0.154296875
1 0.21015625 0.7470703125 0.1015625 0.154296875
1 0.453125 0.46875 0.096875 0.1328125
1 0.628125 0.8427734375 0.10625 0.146484375