0 0.3296875 0.091796875 0.015625 0.02734375
0 0.38125 0.1328125 0.028125 0.0234375
0 0.3609375 0.19921875 0.021875 0.02734375
0 0.3875 0.197265625 0.021875 0.02734375
0 0.515625 0.6640625 0.01875 0.0234375
0 0.41171875 0.673828125 0.0234375 0.02734375
0 0.3984375 0.6904296875 0.01875 0.021484375
0 0.403125 0.720703125 0.028125 0.0234375
0 0.4 0.767578125 0.025 0.02734375
0 0.4296875 0.7783203125 0.025 0.017578125
0 0.47265625 0.7861328125 0.0171875 0.021484375
0 0.49765625 0.80859375 0.0203125 0.0234375