1 0.0171875 0.0625 0.034375 0.0859375
1 0.0625 0.22265625 0.125 0.14453125
1 0.16328125 0.0615234375 0.1265625 0.123046875
1 0.22578125 0.173828125 0.1484375 0.15625
1 0.28359375 0.2861328125 0.1609375 0.130859375
1 0.3734375 0.5185546875 0.165625 0.162109375
1 0.4171875 0.626953125 0.15625 0.140625
2 0.9734375 0.908203125 0.05 0.05859375
2 0.775 0.6025390625 0.053125 0.087890625
2 0.6703125 0.3818359375 0.04375 0.076171875
2 0.61796875 0.275390625 0.0484375 0.0703125
2 0.55390625 0.0986328125 0.0453125 0.060546875
2 0.634375 0.1259765625 0.053125 0.064453125
2 0.6203125 0.1025390625 0.05625 0.056640625
2 0.6171875 0.072265625 0.05625 0.05859375
2 0.66015625 0.0634765625 0.0546875 0.056640625
2 0.70390625 0.0771484375 0.0515625 0.068359375
2 0.72890625 0.033203125 0.0515625 0.02734375
2 0.79765625 0.052734375 0.0515625 0.04296875
2 0.79140625 0.02734375 0.0515625 0.04296875
2 0.78515625 0.0146484375 0.0453125 0.029296875