0 0.32890625 0.12109375 0.0171875 0.02734375
0 0.3359375 0.1796875 0.01875 0.02734375
0 0.3078125 0.177734375 0.01875 0.0234375
0 0.3703125 0.27734375 0.025 0.04296875
0 0.40625 0.625 0.025 0.03515625
0 0.53046875 0.669921875 0.0265625 0.0390625
0 0.41875 0.6728515625 0.01875 0.029296875
0 0.42109375 0.7021484375 0.0140625 0.021484375
0 0.5515625 0.7626953125 0.025 0.033203125
0 0.509375 0.755859375 0.021875 0.02734375
0 0.4078125 0.771484375 0.015625 0.03125
0 0.44296875 0.830078125 0.0203125 0.02734375