1 0.22578125 0.0556640625 0.1484375 0.087890625
1 0.39609375 0.1005859375 0.1484375 0.087890625
1 0.39765625 0.23046875 0.1484375 0.0859375
1 0.39609375 0.494140625 0.1546875 0.0859375
1 0.39765625 0.6103515625 0.1546875 0.080078125
2 0.7203125 0.7939453125 0.028125 0.072265625
2 0.7078125 0.5380859375 0.03125 0.072265625
2 0.7015625 0.419921875 0.03125 0.0703125
2 0.83203125 0.0673828125 0.0671875 0.041015625
2 0.81796875 0.009765625 0.0390625 0.01953125
2 0.9375 0.125 0.05 0.0390625
2 0.928125 0.1865234375 0.05625 0.041015625
2 0.959375 0.193359375 0.03125 0.05859375
2 0.95 0.23828125 0.046875 0.03515625
2 0.946875 0.275390625 0.053125 0.02734375
2 0.95 0.294921875 0.05625 0.02734375
2 0.9421875 0.3193359375 0.05 0.025390625
2 0.87265625 0.185546875 0.0515625 0.0390625
2 0.88046875 0.2353515625 0.0484375 0.041015625
2 0.88515625 0.2626953125 0.0578125 0.044921875
2 0.8484375 0.291015625 0.0625 0.046875
2 0.8171875 0.251953125 0.053125 0.02734375
2 0.77734375 0.234375 0.0546875 0.03515625
2 0.7671875 0.2626953125 0.053125 0.029296875
2 0.76875 0.29296875 0.0625 0.046875
2 0.70859375 0.22265625 0.0515625 0.04296875