1 0.07578125 0.11328125 0.0828125 0.0546875
1 0.16015625 0.072265625 0.0453125 0.08203125
1 0.3109375 0.115234375 0.08125 0.04296875
1 0.3140625 0.1611328125 0.08125 0.041015625
1 0.30859375 0.19921875 0.0890625 0.04296875
1 0.30390625 0.2490234375 0.0953125 0.037109375
1 0.30625 0.333984375 0.0875 0.0390625
1 0.303125 0.3818359375 0.0875 0.044921875
1 0.2984375 0.42578125 0.0875 0.0390625
1 0.04296875 0.3212890625 0.0390625 0.091796875
1 0.0796875 0.486328125 0.046875 0.1015625
1 0.7671875 0.587890625 0.046875 0.1015625