1 0.61875 0.076171875 0.11875 0.15234375
1 0.75234375 0.115234375 0.1203125 0.1484375
1 0.225 0.1279296875 0.125 0.166015625
1 0.36953125 0.3759765625 0.1265625 0.146484375
1 0.25390625 0.6513671875 0.1265625 0.142578125
1 0.8640625 0.373046875 0.121875 0.140625
1 0.81484375 0.447265625 0.1203125 0.140625
1 0.76484375 0.498046875 0.1265625 0.15234375
1 0.71171875 0.5634765625 0.1359375 0.154296875
1 0.62578125 0.6943359375 0.1234375 0.150390625
1 0.57421875 0.7529296875 0.1234375 0.154296875
1 0.51953125 0.81640625 0.1140625 0.140625