0 0.26640625 0.2802734375 0.0109375 0.025390625
0 0.23984375 0.275390625 0.0109375 0.0234375
0 0.22421875 0.279296875 0.0109375 0.0234375
0 0.22734375 0.265625 0.0109375 0.0234375
0 0.25859375 0.4501953125 0.0109375 0.025390625
0 0.2609375 0.46875 0.009375 0.0234375
0 0.2703125 0.4658203125 0.0125 0.029296875
0 0.28125 0.455078125 0.009375 0.02734375
0 0.30390625 0.46875 0.0109375 0.0234375
0 0.28515625 0.4248046875 0.0140625 0.025390625
0 0.31875 0.4326171875 0.009375 0.021484375
0 0.31171875 0.4189453125 0.0109375 0.021484375