0 0.8890625 0.3974609375 0.009375 0.029296875
0 0.86015625 0.400390625 0.0109375 0.02734375
0 0.87578125 0.40625 0.0140625 0.03125
1 0.16796875 0.40234375 0.0578125 0.11328125
1 0.059375 0.46484375 0.10625 0.0703125
1 0.34765625 0.4814453125 0.0984375 0.052734375
1 0.35390625 0.546875 0.1015625 0.05078125
1 0.34375 0.6083984375 0.115625 0.056640625
1 0.3390625 0.6787109375 0.11875 0.060546875
1 0.3359375 0.8095703125 0.109375 0.052734375
1 0.33046875 0.8779296875 0.1109375 0.056640625
1 0.32421875 0.947265625 0.1078125 0.046875
1 0.021875 0.7900390625 0.04375 0.126953125
1 0.06328125 0.984375 0.0390625 0.03125
0 0.95703125 0.216796875 0.0171875 0.0390625