1 0.80546875 0.779296875 0.0546875 0.12890625
1 0.26640625 0.138671875 0.0984375 0.046875
1 0.271875 0.2041015625 0.096875 0.048828125
1 0.2640625 0.2529296875 0.109375 0.052734375
1 0.2640625 0.3232421875 0.115625 0.060546875
1 0.265625 0.44140625 0.103125 0.05078125
1 0.26328125 0.5087890625 0.1078125 0.056640625
1 0.2609375 0.5634765625 0.1125 0.048828125
1 0.08671875 0.0791015625 0.0546875 0.103515625
1 0.01796875 0.1337890625 0.0359375 0.064453125
1 0.01640625 0.6552734375 0.0328125 0.126953125