1 0.25859375 0.9658203125 0.1140625 0.064453125
1 0.2578125 0.8984375 0.115625 0.0625
1 0.26171875 0.82421875 0.1109375 0.0546875
1 0.259375 0.7001953125 0.121875 0.052734375
1 0.26328125 0.626953125 0.1140625 0.0546875
1 0.27109375 0.568359375 0.1046875 0.05078125
1 0.26875 0.501953125 0.10625 0.05078125
1 0.0828125 0.435546875 0.053125 0.11328125
1 0.015625 0.5029296875 0.028125 0.072265625
0 0.78984375 0.3095703125 0.0140625 0.033203125
0 0.77578125 0.28125 0.0109375 0.02734375
0 0.77109375 0.30078125 0.0109375 0.0234375