0 0.20390625 0.017578125 0.0109375 0.0234375
0 0.20390625 0.0390625 0.0078125 0.01953125
0 0.196875 0.0341796875 0.009375 0.021484375
0 0.1875 0.0283203125 0.009375 0.021484375
0 0.178125 0.02734375 0.009375 0.0234375
0 0.18203125 0.0576171875 0.0078125 0.017578125
0 0.178125 0.07421875 0.0125 0.015625
0 0.25390625 0.072265625 0.0109375 0.02734375
0 0.23671875 0.0732421875 0.0109375 0.013671875
0 0.23671875 0.0869140625 0.0140625 0.017578125
0 0.18984375 0.10546875 0.0109375 0.01953125
0 0.19296875 0.1171875 0.0078125 0.015625
0 0.2171875 0.109375 0.009375 0.0234375
0 0.24921875 0.1181640625 0.0140625 0.029296875
0 0.23046875 0.15234375 0.0109375 0.02734375