0 0.34921875 0.6328125 0.0109375 0.02734375
0 0.38671875 0.62890625 0.0109375 0.02734375
0 0.53046875 0.662109375 0.0140625 0.03125
0 0.53984375 0.6376953125 0.0109375 0.025390625
0 0.55390625 0.6455078125 0.0109375 0.025390625
0 0.5828125 0.640625 0.009375 0.02734375
0 0.59140625 0.6474609375 0.0109375 0.025390625
0 0.6015625 0.65234375 0.009375 0.0234375
0 0.88828125 0.8154296875 0.0109375 0.029296875
0 0.6671875 0.4482421875 0.0125 0.029296875
0 0.67421875 0.4267578125 0.0109375 0.025390625
0 0.62734375 0.3955078125 0.0078125 0.025390625
0 0.5796875 0.4091796875 0.009375 0.029296875
0 0.49296875 0.318359375 0.0109375 0.02734375
0 0.50625 0.3046875 0.009375 0.02734375
0 0.53515625 0.30859375 0.0109375 0.02734375
0 0.5453125 0.291015625 0.009375 0.0234375
0 0.55703125 0.294921875 0.0140625 0.02734375
0 0.5859375 0.294921875 0.0125 0.02734375
0 0.54765625 0.3193359375 0.0109375 0.021484375
0 0.5453125 0.3291015625 0.009375 0.021484375
0 0.57109375 0.31640625 0.0109375 0.0234375
0 0.56015625 0.3310546875 0.0109375 0.025390625
0 0.6046875 0.328125 0.0125 0.02734375