1 0.29921875 0.421875 0.1015625 0.07421875
1 0.40703125 0.376953125 0.0609375 0.1171875
1 0.5921875 0.482421875 0.125 0.08203125
1 0.5828125 0.5478515625 0.109375 0.076171875
1 0.56328125 0.603515625 0.1171875 0.08203125
1 0.55234375 0.6728515625 0.1234375 0.080078125
1 0.54140625 0.80078125 0.1140625 0.0703125
1 0.52890625 0.8681640625 0.1109375 0.080078125
1 0.51328125 0.9384765625 0.1109375 0.076171875
1 0.23125 0.734375 0.071875 0.1328125
1 0.02890625 0.654296875 0.0515625 0.1328125
1 0.25 0.9599609375 0.0625 0.080078125