0 0.1984375 0.6689453125 0.0125 0.021484375
0 0.23359375 0.623046875 0.0109375 0.03125
0 0.21484375 0.65234375 0.0109375 0.0390625
0 0.23359375 0.6591796875 0.0109375 0.029296875
0 0.24765625 0.6201171875 0.0109375 0.033203125
0 0.2859375 0.6396484375 0.009375 0.025390625
0 0.28203125 0.673828125 0.0140625 0.03125
0 0.21171875 0.4462890625 0.0109375 0.025390625
0 0.1828125 0.4580078125 0.0125 0.025390625
0 0.1875 0.443359375 0.009375 0.01953125
0 0.19765625 0.455078125 0.0109375 0.0234375
0 0.94921875 0.1591796875 0.0140625 0.025390625
0 0.86484375 0.140625 0.0140625 0.03125