1 0.80546875 0.9365234375 0.0515625 0.115234375
1 0.30703125 0.74609375 0.0890625 0.046875
1 0.1640625 0.3466796875 0.046875 0.091796875
1 0.071875 0.3916015625 0.0875 0.064453125
1 0.321875 0.396484375 0.084375 0.04296875
1 0.325 0.4462890625 0.08125 0.041015625
1 0.31796875 0.490234375 0.0984375 0.046875
1 0.3109375 0.544921875 0.096875 0.04296875
1 0.31328125 0.5830078125 0.0734375 0.041015625
1 0.3140625 0.6396484375 0.09375 0.044921875
1 0.31015625 0.6953125 0.0953125 0.05078125
1 0.03515625 0.6298828125 0.0484375 0.103515625
1 0.06953125 0.8203125 0.0453125 0.11328125