0 0.20390625 0.1044921875 0.0109375 0.025390625
0 0.20859375 0.1328125 0.0078125 0.0234375
0 0.41171875 0.1455078125 0.0140625 0.025390625
0 0.42734375 0.1279296875 0.0109375 0.021484375
0 0.44375 0.1259765625 0.009375 0.017578125
0 0.446875 0.1357421875 0.009375 0.017578125
0 0.44296875 0.15234375 0.0078125 0.01953125
0 0.45625 0.166015625 0.009375 0.0234375
0 0.46640625 0.1455078125 0.0109375 0.029296875
0 0.0890625 0.6611328125 0.009375 0.017578125
0 0.084375 0.6796875 0.0125 0.0234375
0 0.10078125 0.6748046875 0.0109375 0.021484375
0 0.115625 0.7138671875 0.0125 0.029296875
0 0.1390625 0.8203125 0.009375 0.0234375
0 0.14765625 0.8193359375 0.0078125 0.021484375
0 0.15859375 0.8251953125 0.0078125 0.017578125
0 0.16484375 0.83203125 0.0078125 0.01953125
0 0.196875 0.8486328125 0.009375 0.033203125
0 0.15625 0.8515625 0.009375 0.02734375
0 0.1140625 0.873046875 0.009375 0.02734375
0 0.12578125 0.8955078125 0.0109375 0.029296875
0 0.14375 0.88671875 0.0125 0.03125
0 0.17578125 0.8515625 0.0109375 0.02734375
0 0.178125 0.8798828125 0.0125 0.029296875
0 0.2015625 0.904296875 0.0125 0.02734375
0 0.81015625 0.30078125 0.0109375 0.0234375
0 0.85390625 0.3095703125 0.0109375 0.025390625