0 0.29375 0.3720703125 0.0125 0.021484375
0 0.30703125 0.4345703125 0.0109375 0.029296875
0 0.28984375 0.4501953125 0.0109375 0.025390625
0 0.53359375 0.44140625 0.0109375 0.03125
0 0.69921875 0.337890625 0.0078125 0.02734375
0 0.721875 0.3447265625 0.009375 0.025390625
0 0.70625 0.3330078125 0.009375 0.025390625
0 0.74296875 0.3515625 0.0140625 0.03125
0 0.73125 0.314453125 0.0125 0.0234375
0 0.746875 0.3076171875 0.0125 0.025390625
0 0.38203125 0.833984375 0.0140625 0.02734375
0 0.396875 0.87109375 0.0125 0.02734375
0 0.4203125 0.8466796875 0.0125 0.029296875
0 0.43828125 0.8603515625 0.0140625 0.033203125
0 0.4453125 0.8212890625 0.0125 0.029296875
0 0.43203125 0.8017578125 0.0140625 0.033203125