1 0.02890625 0.1005859375 0.0546875 0.068359375
1 0.040625 0.2890625 0.075 0.078125
1 0.14765625 0.2607421875 0.1171875 0.087890625
1 0.3765625 0.0126953125 0.115625 0.025390625
1 0.43125 0.2392578125 0.09375 0.076171875
1 0.46015625 0.3564453125 0.1140625 0.095703125
1 0.51796875 0.08203125 0.1046875 0.08203125
1 0.5421875 0.169921875 0.09375 0.078125
1 0.58203125 0.3525390625 0.0859375 0.068359375
1 0.61328125 0.451171875 0.0859375 0.0703125
1 0.63046875 0.544921875 0.1140625 0.078125
1 0.64921875 0.640625 0.1078125 0.08203125