0 0.534375 0.0654296875 0.00625 0.017578125
0 0.56015625 0.056640625 0.0078125 0.01953125
0 0.5859375 0.0693359375 0.009375 0.021484375
0 0.6015625 0.0576171875 0.009375 0.021484375
0 0.6203125 0.0751953125 0.009375 0.021484375
0 0.5953125 0.087890625 0.009375 0.01953125
0 0.56640625 0.07421875 0.0078125 0.01953125
0 0.5375 0.0791015625 0.009375 0.021484375
0 0.60625 0.396484375 0.009375 0.0234375
0 0.5734375 0.412109375 0.009375 0.0234375
0 0.5828125 0.4140625 0.009375 0.0234375
0 0.59375 0.423828125 0.009375 0.0234375
0 0.603125 0.4169921875 0.0125 0.021484375
0 0.47109375 0.4833984375 0.0140625 0.021484375
0 0.25234375 0.4794921875 0.0109375 0.021484375
0 0.2734375 0.4873046875 0.009375 0.021484375
0 0.3125 0.486328125 0.0125 0.02734375
0 0.33125 0.7255859375 0.0125 0.021484375
0 0.3609375 0.7294921875 0.009375 0.021484375
0 0.3578125 0.7509765625 0.009375 0.025390625
0 0.375 0.74609375 0.0125 0.0234375
0 0.3828125 0.7236328125 0.009375 0.025390625
0 0.39296875 0.732421875 0.0109375 0.0234375
1 0.01328125 0.060546875 0.0234375 0.03125
1 0.03203125 0.0673828125 0.0265625 0.033203125
1 0.0484375 0.0703125 0.028125 0.0390625
1 0.065625 0.0703125 0.01875 0.02734375
1 0.0796875 0.0771484375 0.025 0.033203125
1 0.1 0.08203125 0.025 0.03515625
1 0.11875 0.0810546875 0.021875 0.025390625
1 0.13671875 0.0849609375 0.0203125 0.029296875
1 0.153125 0.095703125 0.025 0.03125