1 0.08046875 0.7548828125 0.1140625 0.072265625
1 0.4 0.3095703125 0.10625 0.068359375
1 0.37578125 0.4736328125 0.1078125 0.064453125
1 0.4984375 0.4833984375 0.103125 0.052734375
1 0.75390625 0.3203125 0.0984375 0.05078125
1 0.7578125 0.5458984375 0.078125 0.048828125
1 0.76015625 0.6533203125 0.0953125 0.052734375
1 0.8765625 0.4423828125 0.1 0.052734375
1 0.87578125 0.5283203125 0.0890625 0.060546875
1 0.87421875 0.697265625 0.0921875 0.06640625
1 0.8765625 0.78125 0.08125 0.05859375
1 0.8734375 0.8701171875 0.0875 0.048828125
1 0.87578125 0.958984375 0.1015625 0.0625