1 0.00703125 0.1787109375 0.0140625 0.029296875
1 0.01171875 0.259765625 0.0234375 0.03125
1 0.175 0.029296875 0.075 0.0390625
1 0.16875 0.107421875 0.075 0.04296875
1 0.25234375 0.10546875 0.0765625 0.0546875
1 0.41796875 0.015625 0.0640625 0.03125
1 0.43125 0.056640625 0.05625 0.0390625
1 0.4359375 0.111328125 0.05625 0.03515625
1 0.44375 0.1640625 0.06875 0.0390625
1 0.503125 0.0546875 0.053125 0.046875
1 0.51640625 0.16796875 0.0484375 0.03125
1 0.52890625 0.2109375 0.0484375 0.03515625
1 0.528125 0.251953125 0.06875 0.046875
1 0.534375 0.2919921875 0.05625 0.033203125
1 0.17265625 0.4580078125 0.0796875 0.037109375
0 0.49609375 0.751953125 0.0140625 0.03515625
0 0.4703125 0.751953125 0.0125 0.03125
0 0.459375 0.748046875 0.009375 0.03125