1 0.103125 0.939453125 0.109375 0.05859375
1 0.1 0.2353515625 0.10625 0.072265625
1 0.21640625 0.2236328125 0.1046875 0.064453125
1 0.10625 0.0791015625 0.103125 0.056640625
1 0.446875 0.037109375 0.096875 0.06640625
1 0.471875 0.24609375 0.08125 0.0546875
1 0.48515625 0.3486328125 0.0984375 0.072265625
1 0.57421875 0.1318359375 0.0859375 0.064453125
1 0.59453125 0.365234375 0.0859375 0.05078125
1 0.60703125 0.44921875 0.0703125 0.046875
1 0.6171875 0.529296875 0.0875 0.04296875
1 0.62109375 0.611328125 0.0953125 0.0625
1 0.77734375 0.1669921875 0.1046875 0.091796875