0 0.27421875 0.2490234375 0.0109375 0.025390625
0 0.2890625 0.224609375 0.015625 0.02734375
0 0.33671875 0.251953125 0.0109375 0.0234375
0 0.49765625 0.298828125 0.0109375 0.02734375
0 0.6578125 0.150390625 0.0125 0.02734375
0 0.6765625 0.15234375 0.0125 0.0234375
0 0.67734375 0.1259765625 0.0109375 0.025390625
0 0.6890625 0.1376953125 0.0125 0.021484375
0 0.7234375 0.1396484375 0.0125 0.025390625
0 0.70390625 0.1650390625 0.0109375 0.025390625
0 0.3703125 0.5458984375 0.0125 0.029296875
0 0.36015625 0.595703125 0.0171875 0.03125
0 0.4078125 0.576171875 0.0125 0.02734375
0 0.40625 0.5966796875 0.0125 0.025390625
0 0.41875 0.5986328125 0.0125 0.029296875