1 0.015625 0.189453125 0.03125 0.03125
1 0.1765625 0.04296875 0.071875 0.03515625
1 0.25859375 0.0390625 0.0671875 0.03515625
1 0.18046875 0.37890625 0.0734375 0.03515625
1 0.434375 0.0126953125 0.059375 0.025390625
1 0.4375 0.0498046875 0.05625 0.033203125
1 0.44453125 0.099609375 0.0671875 0.0390625
1 0.509375 0.103515625 0.05 0.03515625
1 0.521875 0.14453125 0.05 0.03515625
1 0.52734375 0.18359375 0.0578125 0.0390625
1 0.53203125 0.220703125 0.0578125 0.0390625
0 0.5796875 0.5810546875 0.015625 0.037109375
0 0.5375 0.5927734375 0.0125 0.033203125
0 0.54921875 0.5927734375 0.0109375 0.029296875
0 0.5484375 0.6162109375 0.0125 0.033203125
1 0.009375 0.1171875 0.01875 0.0390625