1 0.10703125 0.142578125 0.1015625 0.05859375
1 0.1 0.302734375 0.109375 0.07421875
1 0.21875 0.2900390625 0.10625 0.076171875
1 0.45078125 0.099609375 0.0984375 0.0625
1 0.47734375 0.3125 0.0859375 0.06640625
1 0.490625 0.41796875 0.1 0.07421875
1 0.57890625 0.1982421875 0.0859375 0.052734375
1 0.59765625 0.4267578125 0.0796875 0.056640625
1 0.61796875 0.517578125 0.0765625 0.046875
1 0.6234375 0.5986328125 0.09375 0.060546875
1 0.62890625 0.6826171875 0.0859375 0.060546875
1 0.775 0.23046875 0.109375 0.09765625