1 0.065625 0.5703125 0.115625 0.05859375
1 0.3609375 0.2275390625 0.1125 0.060546875
1 0.490625 0.2255859375 0.1125 0.064453125
1 0.37734375 0.0400390625 0.1109375 0.060546875
1 0.7578125 0.025390625 0.103125 0.046875
1 0.771875 0.2802734375 0.084375 0.056640625
1 0.77890625 0.40625 0.1015625 0.05859375
1 0.8890625 0.1533203125 0.0875 0.052734375
1 0.89765625 0.2490234375 0.0828125 0.056640625
1 0.90078125 0.4306640625 0.0828125 0.052734375
1 0.9109375 0.5400390625 0.0875 0.060546875
1 0.9125 0.6376953125 0.1 0.060546875
1 0.91484375 0.7353515625 0.1046875 0.056640625