1 0.18515625 0.3369140625 0.1015625 0.060546875
1 0.17265625 0.4970703125 0.1078125 0.060546875
1 0.29375 0.4951171875 0.103125 0.064453125
1 0.53359375 0.3056640625 0.1015625 0.064453125
1 0.55625 0.5283203125 0.08125 0.064453125
1 0.56640625 0.63671875 0.0984375 0.0625
1 0.67578125 0.4130859375 0.1171875 0.060546875
1 0.75625 0.486328125 0.096875 0.07421875
1 0.6796875 0.658203125 0.078125 0.05078125
1 0.69375 0.748046875 0.084375 0.0546875
1 0.69140625 0.83203125 0.0890625 0.0625
1 0.703125 0.921875 0.096875 0.0625