0 0.2875 0.986328125 0.021875 0.02734375
0 0.13515625 0.2919921875 0.0140625 0.029296875
0 0.22421875 0.2978515625 0.0140625 0.033203125
0 0.22890625 0.1806640625 0.0203125 0.033203125
0 0.5171875 0.2978515625 0.0125 0.025390625
0 0.68984375 0.138671875 0.0171875 0.03125
0 0.70703125 0.095703125 0.0140625 0.03515625
0 0.7328125 0.0869140625 0.0125 0.033203125
0 0.7453125 0.0595703125 0.015625 0.029296875
0 0.7078125 0.0498046875 0.015625 0.029296875
0 0.71328125 0.0244140625 0.0140625 0.033203125