0 0.3046875 0.3427734375 0.0125 0.029296875
0 0.30078125 0.380859375 0.0109375 0.0234375
0 0.2890625 0.412109375 0.009375 0.02734375
0 0.69140625 0.3037109375 0.0109375 0.033203125
0 0.70234375 0.291015625 0.0109375 0.02734375
0 0.71796875 0.2841796875 0.0109375 0.025390625
0 0.74140625 0.2822265625 0.0109375 0.021484375
0 0.7515625 0.30859375 0.0125 0.02734375
0 0.58046875 0.392578125 0.0140625 0.0234375
0 0.38828125 0.7978515625 0.0109375 0.029296875
0 0.41953125 0.7978515625 0.0109375 0.025390625
0 0.428125 0.814453125 0.0125 0.02734375
0 0.45234375 0.7939453125 0.0109375 0.029296875
0 0.46484375 0.78515625 0.0109375 0.02734375
0 0.4671875 0.8095703125 0.0125 0.033203125