0 0.59453125 0.572265625 0.0140625 0.0390625
0 0.5671875 0.5849609375 0.0125 0.029296875
0 0.56640625 0.6083984375 0.0109375 0.029296875
0 0.55390625 0.5869140625 0.0140625 0.033203125
1 0.01640625 0.19921875 0.0328125 0.03515625
1 0.0140625 0.12890625 0.028125 0.0390625
1 0.1765625 0.0556640625 0.071875 0.037109375
1 0.259375 0.0556640625 0.071875 0.041015625
1 0.44296875 0.11328125 0.0640625 0.0390625
1 0.43359375 0.064453125 0.0546875 0.03515625
1 0.178125 0.390625 0.075 0.03515625
1 0.43203125 0.015625 0.0546875 0.03125
1 0.5328125 0.2353515625 0.05625 0.037109375
1 0.52578125 0.1953125 0.0609375 0.03515625
1 0.51953125 0.1591796875 0.0546875 0.037109375
1 0.51328125 0.1220703125 0.0453125 0.033203125