1 0.009375 0.111328125 0.01875 0.03515625
1 0.015625 0.185546875 0.03125 0.03125
1 0.1765625 0.0439453125 0.071875 0.037109375
1 0.25625 0.0390625 0.071875 0.046875
1 0.17890625 0.3759765625 0.0765625 0.037109375
1 0.43203125 0.0107421875 0.0578125 0.021484375
1 0.43515625 0.0498046875 0.0546875 0.033203125
1 0.44296875 0.099609375 0.0671875 0.0390625
1 0.51953125 0.1064453125 0.0578125 0.041015625
1 0.528125 0.1455078125 0.059375 0.033203125
1 0.5296875 0.18359375 0.0625 0.03125
1 0.53515625 0.21875 0.0578125 0.03125
0 0.5703125 0.591796875 0.0125 0.0390625
0 0.52890625 0.6015625 0.0109375 0.03515625
0 0.5390625 0.603515625 0.0125 0.03125
0 0.5390625 0.6240234375 0.0125 0.029296875