1 0.35703125 0.158203125 0.0796875 0.05078125
1 0.3515625 0.2685546875 0.084375 0.048828125
1 0.5578125 0.5693359375 0.090625 0.044921875
1 0.83515625 0.93359375 0.1421875 0.09375
1 0.57734375 0.078125 0.0859375 0.046875
1 0.678125 0.08203125 0.078125 0.046875
1 0.89609375 0.1142578125 0.0703125 0.048828125
1 0.903125 0.1904296875 0.0875 0.052734375
1 0.97109375 0.0361328125 0.0546875 0.041015625
1 0.9796875 0.205078125 0.040625 0.0390625
1 0.9859375 0.267578125 0.028125 0.03515625
1 0.9828125 0.3251953125 0.034375 0.037109375
1 0.98359375 0.380859375 0.0328125 0.04296875