1 0.0140625 0.2568359375 0.028125 0.041015625
1 0.125 0.2822265625 0.028125 0.041015625
1 0.10703125 0.2734375 0.0234375 0.03125
1 0.08984375 0.2685546875 0.0203125 0.029296875
1 0.06796875 0.2685546875 0.0296875 0.044921875
1 0.04765625 0.265625 0.0265625 0.0390625
1 0.03203125 0.2548828125 0.0203125 0.029296875
0 0.53203125 0.2646484375 0.0078125 0.021484375
0 0.53828125 0.25 0.0078125 0.0234375
0 0.54921875 0.2353515625 0.0078125 0.017578125
0 0.56015625 0.2607421875 0.0109375 0.025390625
0 0.590625 0.251953125 0.009375 0.0234375
0 0.596875 0.265625 0.009375 0.0234375
0 0.6140625 0.2490234375 0.009375 0.025390625
0 0.62265625 0.26171875 0.0078125 0.0234375
0 0.64375 0.6328125 0.009375 0.02734375
0 0.6296875 0.6494140625 0.009375 0.021484375
0 0.61640625 0.634765625 0.0109375 0.0234375
0 0.60625 0.6416015625 0.009375 0.025390625
0 0.59375 0.64453125 0.0125 0.03125
0 0.43359375 0.744140625 0.0140625 0.02734375
0 0.24296875 0.7099609375 0.0109375 0.029296875
0 0.23671875 0.734375 0.0109375 0.02734375
0 0.28046875 0.7431640625 0.0140625 0.029296875