0 0.453125 0.185546875 0.034375 0.046875
0 0.63984375 0.2705078125 0.0546875 0.072265625
0 0.590625 0.3408203125 0.03125 0.033203125
0 0.4859375 0.3623046875 0.028125 0.033203125
0 0.0640625 0.8369140625 0.021875 0.048828125
0 0.1421875 0.958984375 0.034375 0.0234375
0 0.61796875 0.4423828125 0.0546875 0.064453125
0 0.48671875 0.5224609375 0.0265625 0.048828125
0 0.5125 0.546875 0.025 0.0390625
0 0.66328125 0.6220703125 0.0359375 0.037109375
0 0.71875 0.720703125 0.034375 0.03515625
0 0.53359375 0.728515625 0.0234375 0.03125
0 0.57421875 0.7392578125 0.0265625 0.033203125
0 0.6109375 0.818359375 0.015625 0.03515625
0 0.659375 0.8994140625 0.025 0.041015625