0 0.0625 0.6923828125 0.0125 0.044921875
0 0.14921875 0.9462890625 0.0171875 0.041015625
0 0.2109375 0.1953125 0.0125 0.03515625
0 0.225 0.23828125 0.0125 0.03125
0 0.27578125 0.212890625 0.0109375 0.03515625
0 0.4859375 0.146484375 0.015625 0.03515625
0 0.4953125 0.0849609375 0.0125 0.037109375
0 0.58984375 0.1103515625 0.0171875 0.037109375
0 0.86015625 0.1064453125 0.0140625 0.037109375
0 0.8140625 0.365234375 0.0125 0.03515625
0 0.8171875 0.3359375 0.015625 0.03125
0 0.83046875 0.4287109375 0.0171875 0.037109375