0 0.05 0.791015625 0.0125 0.046875
0 0.0953125 0.3203125 0.015625 0.04296875
0 0.13828125 0.373046875 0.0171875 0.0390625
0 0.175 0.3642578125 0.0125 0.037109375
0 0.27734375 0.263671875 0.0140625 0.03515625
0 0.37265625 0.177734375 0.0140625 0.0390625
0 0.3609375 0.1201171875 0.015625 0.037109375
0 0.60625 0.1083984375 0.0125 0.037109375
0 0.79921875 0.3232421875 0.0140625 0.041015625
0 0.88515625 0.4384765625 0.0140625 0.041015625
0 0.93203125 0.5107421875 0.0140625 0.041015625
0 0.9078125 0.0859375 0.01875 0.03515625
0 0.99609375 0.08203125 0.0078125 0.03125