1 0.090625 0.8310546875 0.18125 0.267578125
2 0.83046875 0.6650390625 0.0453125 0.103515625
2 0.9203125 0.619140625 0.075 0.1171875
2 0.8421875 0.5703125 0.096875 0.12109375
2 0.978125 0.6552734375 0.040625 0.107421875
2 0.990625 0.794921875 0.015625 0.08984375
2 0.87734375 0.4814453125 0.0828125 0.115234375
2 0.9140625 0.5048828125 0.078125 0.111328125
2 0.9578125 0.515625 0.065625 0.09375
2 0.8046875 0.4091796875 0.08125 0.119140625
2 0.9859375 0.53515625 0.025 0.1015625
2 0.77578125 0.3818359375 0.0828125 0.111328125
2 0.7515625 0.34765625 0.084375 0.1171875
2 0.71171875 0.328125 0.0765625 0.11328125
2 0.68515625 0.31640625 0.0578125 0.09375
2 0.66484375 0.298828125 0.0421875 0.1015625
2 0.63125 0.3115234375 0.05625 0.103515625
2 0.61328125 0.2822265625 0.0734375 0.103515625
2 0.5875 0.25390625 0.084375 0.11328125
2 0.55703125 0.23046875 0.0734375 0.1015625
2 0.67578125 0.1865234375 0.0609375 0.095703125
2 0.74609375 0.2216796875 0.0390625 0.107421875
2 0.80703125 0.279296875 0.0453125 0.07421875
2 0.89453125 0.2490234375 0.0390625 0.095703125
2 0.92265625 0.2880859375 0.0765625 0.123046875
2 0.91953125 0.390625 0.0765625 0.109375
2 0.975 0.4111328125 0.046875 0.103515625
2 0.97734375 0.322265625 0.0421875 0.1015625
0 0.3203125 0.048828125 0.0375 0.07421875
2 0.17734375 0.025390625 0.0390625 0.05078125