1 0.25078125 0.1025390625 0.0546875 0.068359375
1 0.17109375 0.115234375 0.0515625 0.0703125
1 0.2421875 0.48046875 0.078125 0.05859375
1 0.26875 0.43359375 0.084375 0.0546875
1 0.29140625 0.408203125 0.0796875 0.05859375
1 0.32265625 0.37109375 0.0796875 0.05859375
1 0.328125 0.3486328125 0.05625 0.044921875
1 0.35078125 0.333984375 0.0734375 0.0546875
1 0.36328125 0.3154296875 0.0765625 0.052734375
1 0.37890625 0.296875 0.0515625 0.04296875
1 0.40078125 0.283203125 0.0640625 0.05078125
1 0.44375 0.2548828125 0.078125 0.064453125
1 0.4609375 0.234375 0.071875 0.0546875
1 0.47109375 0.2138671875 0.0671875 0.048828125
1 0.59609375 0.248046875 0.0703125 0.04296875
1 0.6875 0.2109375 0.059375 0.07421875
1 0.71875 0.22265625 0.059375 0.07421875
1 0.74375 0.2373046875 0.059375 0.072265625
1 0.77734375 0.24609375 0.0640625 0.078125
1 0.8109375 0.2607421875 0.0625 0.076171875
1 0.8375 0.2744140625 0.0625 0.076171875
1 0.87421875 0.2890625 0.0703125 0.0859375
1 0.90703125 0.2998046875 0.0640625 0.080078125
1 0.965625 0.314453125 0.0625 0.078125
1 0.98515625 0.3330078125 0.0265625 0.048828125