2 0.93671875 0.453125 0.1046875 0.08984375
2 0.8234375 0.494140625 0.096875 0.125
2 0.70859375 0.5341796875 0.0796875 0.076171875
2 0.65859375 0.5625 0.1109375 0.09375
2 0.56796875 0.5986328125 0.0921875 0.056640625
2 0.45390625 0.6171875 0.0921875 0.0703125
2 0.3515625 0.6220703125 0.09375 0.091796875
2 0.2765625 0.6767578125 0.084375 0.115234375
2 0.1796875 0.5791015625 0.065625 0.130859375
2 0.10390625 0.607421875 0.0765625 0.13671875
2 0.06796875 0.7314453125 0.0734375 0.119140625
2 0.01796875 0.6474609375 0.0359375 0.111328125
2 0.0984375 0.4716796875 0.06875 0.111328125
2 0.0640625 0.4970703125 0.046875 0.099609375
2 0.02578125 0.5234375 0.0515625 0.109375
2 0.01171875 0.3935546875 0.0234375 0.111328125
2 0.0578125 0.2412109375 0.053125 0.115234375
2 0.084375 0.2236328125 0.053125 0.115234375