1 0.121875 0.318359375 0.071875 0.1796875
1 0.06640625 0.6103515625 0.1328125 0.166015625
1 0.196875 0.306640625 0.071875 0.1796875
1 0.275 0.3056640625 0.06875 0.185546875
1 0.3546875 0.2939453125 0.06875 0.197265625
1 0.440625 0.2763671875 0.065625 0.177734375
1 0.50859375 0.275390625 0.0734375 0.19140625
1 0.59296875 0.2607421875 0.0765625 0.189453125
1 0.66953125 0.2353515625 0.0703125 0.181640625
1 0.80078125 0.2216796875 0.0765625 0.185546875
1 0.87734375 0.2041015625 0.0765625 0.185546875
1 0.95078125 0.1962890625 0.0765625 0.185546875