4 0.82734375 0.025390625 0.0453125 0.04296875
0 0.72734375 0.478515625 0.0140625 0.0390625
0 0.70078125 0.484375 0.0140625 0.0390625
0 0.55703125 0.400390625 0.0109375 0.03125
0 0.5140625 0.451171875 0.015625 0.03515625
0 0.54375 0.517578125 0.015625 0.03515625
0 0.6796875 0.6435546875 0.0125 0.041015625
0 0.5875 0.630859375 0.0125 0.04296875
0 0.59375 0.703125 0.0125 0.03515625
0 0.70390625 0.8798828125 0.0171875 0.041015625
0 0.8546875 0.90234375 0.0125 0.0390625
0 0.41484375 0.927734375 0.0234375 0.04296875
0 0.790625 0.7177734375 0.009375 0.037109375
0 0.8 0.716796875 0.009375 0.03515625
0 0.81015625 0.716796875 0.0109375 0.03515625
0 0.64921875 0.376953125 0.0171875 0.0390625
0 0.44140625 0.259765625 0.0109375 0.03515625
0 0.43203125 0.2490234375 0.0109375 0.033203125
0 0.4015625 0.123046875 0.0125 0.0390625
0 0.25546875 0.2294921875 0.0140625 0.037109375
0 0.1578125 0.1875 0.015625 0.03515625
0 0.09140625 0.1533203125 0.0171875 0.033203125
0 0.82109375 0.5458984375 0.0140625 0.037109375
4 0.7015625 0.1083984375 0.08125 0.080078125