0 0.30703125 0.3505859375 0.0203125 0.025390625
0 0.5703125 0.3828125 0.025 0.04296875
0 0.39609375 0.4609375 0.0203125 0.03515625
0 0.42109375 0.51171875 0.0296875 0.0625
0 0.53359375 0.4853515625 0.0296875 0.041015625
0 0.49453125 0.494140625 0.0515625 0.0625
0 0.58671875 0.5908203125 0.0328125 0.033203125
0 0.64921875 0.685546875 0.0265625 0.03515625
0 0.50546875 0.71875 0.0265625 0.03515625
0 0.4546875 0.7216796875 0.028125 0.029296875
0 0.909375 0.134765625 0.034375 0.05078125
0 0.98828125 0.16796875 0.0203125 0.0390625