0 0.58046875 0.3408203125 0.0296875 0.033203125
0 0.46328125 0.3896484375 0.0265625 0.048828125
0 0.51640625 0.439453125 0.0265625 0.03515625
0 0.5625 0.4677734375 0.021875 0.029296875
0 0.47890625 0.4697265625 0.0296875 0.029296875
0 0.58984375 0.4853515625 0.0265625 0.033203125
0 0.49453125 0.525390625 0.0203125 0.0390625
0 0.41796875 0.5400390625 0.0296875 0.048828125
0 0.6203125 0.599609375 0.03125 0.03125
0 0.67890625 0.701171875 0.0265625 0.03515625
0 0.5328125 0.720703125 0.028125 0.03125
0 0.484375 0.720703125 0.028125 0.02734375
0 0.98671875 0.1552734375 0.0265625 0.037109375
0 0.9875 0.2138671875 0.025 0.052734375