1 0.4828125 0.958984375 0.1375 0.078125
1 0.53671875 0.81640625 0.1421875 0.1328125
1 0.58203125 0.7412109375 0.1515625 0.154296875
1 0.628125 0.595703125 0.140625 0.13671875
1 0.64765625 0.5263671875 0.1390625 0.130859375
1 0.68046875 0.4658203125 0.1390625 0.130859375
1 0.7046875 0.4013671875 0.140625 0.123046875
1 0.734375 0.3427734375 0.140625 0.123046875
1 0.765625 0.2802734375 0.134375 0.126953125
3 0.234375 0.13671875 0.13125 0.1953125
1 0.84453125 0.169921875 0.1359375 0.13671875
1 0.88203125 0.1064453125 0.1328125 0.126953125
1 0.91015625 0.056640625 0.1234375 0.11328125