0 0.62890625 0.2880859375 0.0234375 0.041015625
0 0.6375 0.396484375 0.05625 0.05078125
0 0.5671875 0.3837890625 0.028125 0.025390625
0 0.49609375 0.376953125 0.0265625 0.03125
0 0.07109375 0.8125 0.0484375 0.078125
0 0.19921875 0.931640625 0.0421875 0.03515625
0 0.0078125 0.9296875 0.015625 0.0390625
0 0.0109375 0.986328125 0.021875 0.0234375
0 0.54375 0.52734375 0.01875 0.03515625
0 0.5390625 0.5625 0.021875 0.03515625
0 0.68515625 0.6318359375 0.0359375 0.037109375
0 0.73984375 0.7333984375 0.0234375 0.041015625
0 0.61015625 0.80078125 0.0265625 0.03515625
0 0.55234375 0.736328125 0.0234375 0.0234375
0 0.59140625 0.7490234375 0.0265625 0.037109375
0 0.65 0.88671875 0.028125 0.0390625