0 0.13828125 0.16796875 0.0140625 0.03515625
0 0.39296875 0.154296875 0.0109375 0.03515625
0 0.40546875 0.1669921875 0.0109375 0.037109375
0 0.4359375 0.1015625 0.0125 0.03515625
0 0.45625 0.3369140625 0.0125 0.037109375
0 0.48125 0.4248046875 0.0125 0.033203125
0 0.75625 0.73046875 0.01875 0.04296875
0 0.61328125 0.66796875 0.0140625 0.0390625
0 0.76640625 0.642578125 0.0109375 0.0390625
0 0.77578125 0.640625 0.0109375 0.0390625
0 0.78515625 0.6376953125 0.0109375 0.037109375
0 0.88515625 0.59765625 0.0140625 0.04296875
0 0.77265625 0.5361328125 0.0140625 0.041015625
0 0.76875 0.4951171875 0.015625 0.037109375
0 0.640625 0.54296875 0.015625 0.04296875
0 0.51640625 0.5576171875 0.0140625 0.037109375
0 0.515625 0.4423828125 0.015625 0.041015625
0 0.584375 0.388671875 0.009375 0.03515625
0 0.6734375 0.3525390625 0.0125 0.037109375
4 0.8546875 0.0341796875 0.05625 0.064453125
4 0.71953125 0.09375 0.0703125 0.08203125