2 0.92578125 0.4306640625 0.0890625 0.087890625
2 0.86953125 0.44921875 0.1234375 0.12109375
2 0.775 0.4619140625 0.103125 0.083984375
2 0.6546875 0.4560546875 0.090625 0.060546875
2 0.5484375 0.4404296875 0.096875 0.119140625
2 0.46640625 0.478515625 0.0796875 0.12890625
2 0.25078125 0.4921875 0.0609375 0.11328125
2 0.38046875 0.3505859375 0.0421875 0.123046875
2 0.30078125 0.3642578125 0.0515625 0.130859375
2 0.203125 0.390625 0.075 0.12890625
2 0.3140625 0.220703125 0.059375 0.12109375
2 0.278125 0.2421875 0.025 0.08984375
2 0.2328125 0.2587890625 0.04375 0.115234375
2 0.18515625 0.2705078125 0.0609375 0.123046875
2 0.06796875 0.2509765625 0.0578125 0.158203125
2 0.028125 0.25 0.04375 0.125
2 0.23046875 0.109375 0.0640625 0.12890625
2 0.1625 0.1279296875 0.05625 0.119140625
2 0.0078125 0.09765625 0.015625 0.10546875
2 0.184375 0.037109375 0.028125 0.07421875
2 0.0953125 0.037109375 0.0375 0.07421875
2 0.0625 0.025390625 0.03125 0.05078125