0 0.05234375 0.140625 0.0171875 0.03515625
0 0.08828125 0.1640625 0.0140625 0.03125
0 0.23046875 0.2001953125 0.0078125 0.029296875
0 0.42578125 0.1123046875 0.0109375 0.033203125
0 0.43203125 0.2138671875 0.0109375 0.033203125
0 0.4421875 0.2294921875 0.009375 0.033203125
0 0.5125 0.4130859375 0.0125 0.037109375
0 0.54375 0.4931640625 0.015625 0.044921875
0 0.215625 0.875 0.025 0.04296875
0 0.83515625 0.84375 0.0140625 0.04296875
0 0.67890625 0.8076171875 0.0140625 0.037109375
0 0.8125 0.69140625 0.009375 0.0390625
0 0.80390625 0.693359375 0.0109375 0.0390625
0 0.79296875 0.6953125 0.0109375 0.0390625
0 0.58046875 0.6552734375 0.0109375 0.037109375
0 0.675 0.60546875 0.0125 0.0390625
0 0.56171875 0.5634765625 0.0140625 0.041015625
0 0.7359375 0.50390625 0.0125 0.0390625
0 0.753125 0.486328125 0.015625 0.0390625
0 0.58125 0.3974609375 0.0125 0.037109375
0 0.66875 0.369140625 0.0125 0.03125
0 0.83046875 0.03125 0.0140625 0.0390625
0 0.846875 0.0361328125 0.0125 0.037109375
0 0.8609375 0.0400390625 0.0125 0.037109375
0 0.87578125 0.033203125 0.0140625 0.03125
0 0.8453125 0.5595703125 0.015625 0.041015625
4 0.7203125 0.1005859375 0.08125 0.083984375