0 0.20703125 0.20703125 0.0140625 0.0390625
0 0.3171875 0.2490234375 0.0125 0.033203125
0 0.38828125 0.1962890625 0.0140625 0.037109375
0 0.05546875 0.50390625 0.0171875 0.0390625
0 0.07578125 0.5703125 0.0140625 0.0390625
0 0.0203125 0.546875 0.015625 0.0390625
0 0.7875 0.5126953125 0.015625 0.044921875
0 0.81484375 0.4736328125 0.0203125 0.044921875
0 0.8046875 0.435546875 0.009375 0.03125
0 0.896875 0.43359375 0.0125 0.0390625
0 0.840625 0.3466796875 0.015625 0.037109375
0 0.72265625 0.4462890625 0.0140625 0.041015625
0 0.60234375 0.4091796875 0.0109375 0.037109375
0 0.640625 0.236328125 0.009375 0.0390625
0 0.6546875 0.1806640625 0.0125 0.033203125
0 0.58125 0.1689453125 0.0125 0.029296875
4 0.93359375 0.1259765625 0.0953125 0.095703125
0 0.71328125 0.0390625 0.0140625 0.03515625
0 0.8953125 0.7216796875 0.01875 0.044921875
0 0.94765625 0.7861328125 0.0140625 0.044921875
0 0.78671875 0.9375 0.0171875 0.046875
0 0.93046875 0.4111328125 0.0265625 0.044921875