0 0.93515625 0.0634765625 0.0140625 0.037109375
0 0.83046875 0.0693359375 0.0140625 0.037109375
0 0.3890625 0.16015625 0.009375 0.03515625
0 0.39140625 0.4072265625 0.0171875 0.041015625
0 0.2734375 0.3837890625 0.015625 0.037109375
0 0.246875 0.3154296875 0.0125 0.033203125
0 0.23125 0.33203125 0.0125 0.0390625
0 0.2515625 0.3798828125 0.015625 0.041015625
0 0.26171875 0.529296875 0.0171875 0.0390625
0 0.36953125 0.6923828125 0.0171875 0.041015625
0 0.37890625 0.75 0.0171875 0.0390625
0 0.23515625 0.923828125 0.0203125 0.04296875
0 0.21796875 0.953125 0.0203125 0.046875