0 0.1578125 0.154296875 0.015625 0.03515625
0 0.17578125 0.15625 0.0109375 0.03125
0 0.26328125 0.212890625 0.0140625 0.0390625
0 0.196875 0.216796875 0.015625 0.03515625
0 0.38046875 0.3701171875 0.0140625 0.041015625
0 0.4515625 0.34375 0.0125 0.03515625
0 0.4515625 0.3984375 0.0125 0.0390625
0 0.3453125 0.9833984375 0.021875 0.033203125
0 0.88125 0.646484375 0.015625 0.0390625
0 0.7859375 0.5087890625 0.015625 0.041015625
0 0.7203125 0.5458984375 0.0125 0.041015625
0 0.71015625 0.5478515625 0.0109375 0.037109375
0 0.70078125 0.5517578125 0.0109375 0.041015625
0 0.60703125 0.51171875 0.0140625 0.0390625
0 0.68828125 0.34765625 0.0140625 0.0390625
0 0.60234375 0.40234375 0.0109375 0.03515625
0 0.575 0.4384765625 0.015625 0.041015625
0 0.9890625 0.171875 0.009375 0.03515625
0 0.9234375 0.0400390625 0.0125 0.029296875
0 0.859375 0.0302734375 0.009375 0.029296875
0 0.8671875 0.0302734375 0.009375 0.029296875
0 0.878125 0.03125 0.009375 0.03515625
4 0.89296875 0.0341796875 0.0171875 0.033203125
4 0.73515625 0.1064453125 0.0734375 0.072265625
0 0.43984375 0.1064453125 0.0140625 0.037109375