2 0.33046875 0.13671875 0.0921875 0.08984375
2 0.18125 0.07421875 0.01875 0.07421875
2 0.44921875 0.0458984375 0.0328125 0.091796875
2 0.053125 0.177734375 0.04375 0.11328125
2 0.09140625 0.201171875 0.0640625 0.1171875
2 0.134375 0.2158203125 0.065625 0.130859375
2 0.16875 0.24609375 0.053125 0.125
2 0.19921875 0.2275390625 0.0421875 0.119140625
2 0.23203125 0.234375 0.0453125 0.109375
2 0.26875 0.2333984375 0.06875 0.134765625
2 0.32109375 0.2412109375 0.0703125 0.142578125
2 0.3578125 0.275390625 0.0625 0.1328125
2 0.40078125 0.2978515625 0.0703125 0.158203125
2 0.49296875 0.076171875 0.0546875 0.11328125
2 0.578125 0.09765625 0.078125 0.1328125
2 0.70703125 0.099609375 0.0671875 0.1328125
2 0.7390625 0.107421875 0.05625 0.12890625
2 0.7703125 0.138671875 0.053125 0.1171875
2 0.52421875 0.2138671875 0.0671875 0.130859375
2 0.58984375 0.2236328125 0.0859375 0.142578125
2 0.50546875 0.36328125 0.0859375 0.14453125
2 0.553125 0.37109375 0.05625 0.1171875
2 0.60234375 0.373046875 0.0484375 0.109375
2 0.6453125 0.3662109375 0.040625 0.123046875
2 0.48828125 0.4892578125 0.0890625 0.126953125
2 0.590625 0.50390625 0.0625 0.13671875
2 0.671875 0.5283203125 0.05625 0.134765625
2 0.50703125 0.607421875 0.0359375 0.109375
2 0.72265625 0.673828125 0.0421875 0.12109375
2 0.81171875 0.6806640625 0.0703125 0.130859375
2 0.909375 0.7490234375 0.10625 0.103515625
2 0.9890625 0.78125 0.01875 0.0390625