0 0.6203125 0.9326171875 0.028125 0.052734375
0 0.05625 0.990234375 0.021875 0.015625
0 0.578125 0.349609375 0.028125 0.0390625
0 0.53359375 0.3994140625 0.0390625 0.037109375
0 0.5 0.3896484375 0.021875 0.048828125
0 0.4703125 0.5478515625 0.01875 0.037109375
0 0.63046875 0.5185546875 0.0203125 0.033203125
0 0.98359375 0.2900390625 0.0296875 0.052734375
0 0.58359375 0.5693359375 0.0234375 0.033203125
0 0.65625 0.6025390625 0.034375 0.052734375
0 0.6078125 0.60546875 0.04375 0.05078125
0 0.696875 0.7197265625 0.025 0.033203125
0 0.5484375 0.7333984375 0.028125 0.029296875
0 0.49765625 0.7294921875 0.0265625 0.029296875