0 0.40859375 0.31640625 0.0359375 0.03515625
0 0.39296875 0.3583984375 0.0546875 0.076171875
0 0.33125 0.412109375 0.028125 0.02734375
0 0.35234375 0.4326171875 0.0265625 0.029296875
0 0.27109375 0.466796875 0.0171875 0.03515625
0 0.28125 0.4921875 0.01875 0.03125
0 0.3921875 0.54296875 0.03125 0.05078125
0 0.425 0.5234375 0.03125 0.0625
0 0.2203125 0.6572265625 0.021875 0.025390625
0 0.2578125 0.685546875 0.028125 0.03515625
0 0.32734375 0.7353515625 0.0265625 0.037109375
0 0.23125 0.7421875 0.05 0.05078125
0 0.2796875 0.7607421875 0.028125 0.041015625
0 0.31015625 0.8115234375 0.0265625 0.033203125
0 0.14609375 0.80859375 0.0203125 0.04296875
0 0.16640625 0.796875 0.0265625 0.046875
0 0.25 0.806640625 0.028125 0.03515625
0 0.4015625 0.859375 0.021875 0.03515625
0 0.2203125 0.888671875 0.034375 0.0390625
0 0.09765625 0.92578125 0.0296875 0.02734375
0 0.1765625 0.955078125 0.03125 0.03125
0 0.9046875 0.7099609375 0.0375 0.060546875
0 0.94921875 0.736328125 0.0359375 0.05078125
0 0.85078125 0.7578125 0.0359375 0.04296875
0 0.90859375 0.8310546875 0.0453125 0.060546875
0 0.8296875 0.978515625 0.025 0.0390625
0 0.98828125 0.986328125 0.0203125 0.015625