0 0.309375 0.5302734375 0.025 0.037109375
0 0.36953125 0.529296875 0.0296875 0.0390625
0 0.39609375 0.5205078125 0.0234375 0.033203125
0 0.43125 0.517578125 0.01875 0.02734375
0 0.378125 0.5849609375 0.021875 0.037109375
0 0.315625 0.7216796875 0.025 0.041015625
0 0.31953125 0.830078125 0.0328125 0.05078125
0 0.53828125 0.587890625 0.0390625 0.04296875
0 0.428125 0.7294921875 0.021875 0.029296875
0 0.46875 0.7314453125 0.021875 0.033203125
0 0.6140625 0.6806640625 0.0375 0.048828125
0 0.9578125 0.521484375 0.040625 0.05859375
0 0.646875 0.9853515625 0.025 0.025390625
0 0.890625 0.0869140625 0.03125 0.056640625
0 0.91640625 0.09375 0.0234375 0.046875