0 0.26484375 0.1279296875 0.0109375 0.033203125
0 0.08828125 0.1865234375 0.0140625 0.033203125
0 0.1625 0.2451171875 0.015625 0.037109375
0 0.2078125 0.2783203125 0.015625 0.037109375
0 0.3265625 0.3154296875 0.0125 0.033203125
0 0.3359375 0.3115234375 0.0125 0.033203125
0 0.41484375 0.40625 0.0109375 0.03125
0 0.4375 0.533203125 0.0125 0.0390625
0 0.45546875 0.5615234375 0.0140625 0.037109375
0 0.4390625 0.95703125 0.015625 0.046875
0 0.53984375 0.80078125 0.0140625 0.0390625
0 0.5625 0.7744140625 0.0125 0.041015625
0 0.603125 0.7060546875 0.0125 0.044921875
0 0.7 0.7578125 0.0125 0.0390625
0 0.70625 0.751953125 0.009375 0.03515625
0 0.71953125 0.751953125 0.0109375 0.03515625
0 0.58046875 0.455078125 0.0171875 0.03515625
0 0.53984375 0.44140625 0.0140625 0.0390625
0 0.5203125 0.376953125 0.0125 0.03515625
0 0.6796875 0.0322265625 0.0125 0.029296875
0 0.7140625 0.0341796875 0.009375 0.029296875
0 0.725 0.0322265625 0.009375 0.033203125
0 0.6515625 0.03125 0.01875 0.03515625
0 0.70234375 0.0458984375 0.0140625 0.037109375
0 0.84453125 0.1611328125 0.0140625 0.037109375
0 0.88515625 0.1630859375 0.0109375 0.029296875
0 0.91484375 0.009765625 0.0171875 0.01953125
0 0.990625 0.880859375 0.015625 0.046875
0 0.509375 0.09375 0.01875 0.046875
0 0.690625 0.517578125 0.0125 0.04296875
4 0.565625 0.107421875 0.078125 0.078125