0 0.23984375 0.2109375 0.0171875 0.03515625
0 0.3265625 0.25 0.009375 0.03125
0 0.40390625 0.201171875 0.0140625 0.03515625
0 0.05703125 0.4921875 0.0140625 0.0390625
0 0.07265625 0.5595703125 0.0140625 0.037109375
0 0.0125 0.5390625 0.0125 0.04296875
0 0.7703125 0.9501953125 0.015625 0.048828125
0 0.96171875 0.80859375 0.0171875 0.046875
0 0.903125 0.734375 0.0125 0.0390625
0 0.8265625 0.490234375 0.021875 0.05078125
0 0.8078125 0.5439453125 0.015625 0.041015625
0 0.89609375 0.4296875 0.0109375 0.0390625
0 0.803125 0.4326171875 0.0125 0.033203125
0 0.7328125 0.4658203125 0.015625 0.041015625
0 0.62421875 0.431640625 0.0171875 0.04296875
0 0.65078125 0.2490234375 0.0109375 0.033203125
0 0.65625 0.1865234375 0.0125 0.033203125
0 0.5984375 0.177734375 0.009375 0.03125
0 0.71953125 0.0439453125 0.0140625 0.033203125
4 0.92890625 0.1171875 0.0828125 0.09375
0 0.83203125 0.3330078125 0.0140625 0.037109375
0 0.9375 0.4013671875 0.01875 0.041015625