0 0.2546875 0.1669921875 0.015625 0.037109375
0 0.275 0.1708984375 0.015625 0.037109375
0 0.35390625 0.25 0.0171875 0.0390625
0 0.33828125 0.275390625 0.0140625 0.0390625
0 0.4453125 0.1025390625 0.0125 0.041015625
0 0.48671875 0.37890625 0.0171875 0.0390625
0 0.43828125 0.4384765625 0.0203125 0.044921875
0 0.2953125 0.9462890625 0.021875 0.048828125
0 0.840625 0.59765625 0.015625 0.04296875
0 0.77890625 0.5 0.0140625 0.0390625
0 0.75078125 0.5771484375 0.0109375 0.041015625
0 0.740625 0.5791015625 0.009375 0.037109375
0 0.73046875 0.5810546875 0.0109375 0.041015625
0 0.6640625 0.591796875 0.015625 0.04296875
0 0.60234375 0.4765625 0.0140625 0.04296875
0 0.51484375 0.498046875 0.0140625 0.04296875
4 0.72890625 0.09375 0.0734375 0.0859375
4 0.87890625 0.029296875 0.0734375 0.0546875
0 0.6828125 0.3505859375 0.015625 0.037109375