0 0.78125 0.1181640625 0.021875 0.029296875
0 0.76640625 0.228515625 0.0265625 0.03515625
0 0.7859375 0.28515625 0.025 0.03125
0 0.67734375 0.0576171875 0.0171875 0.044921875
0 0.6765625 0.125 0.034375 0.046875
0 0.65234375 0.08984375 0.0421875 0.046875
0 0.46640625 0.3486328125 0.0359375 0.037109375
0 0.0984375 0.421875 0.025 0.03125
0 0.134375 0.490234375 0.025 0.03515625
0 0.26015625 0.5634765625 0.0265625 0.037109375
0 0.38359375 0.6484375 0.0234375 0.03515625
0 0.215625 0.59375 0.025 0.0234375
0 0.16015625 0.5673828125 0.0234375 0.029296875
0 0.02421875 0.5673828125 0.0296875 0.033203125
0 0.10625 0.658203125 0.034375 0.03515625
0 0.215625 0.6650390625 0.025 0.029296875
0 0.2671875 0.6708984375 0.025 0.037109375
0 0.1890625 0.7236328125 0.025 0.037109375
0 0.4515625 0.89453125 0.034375 0.03515625