1 0.31640625 0.4140625 0.0984375 0.09765625
1 0.3546875 0.337890625 0.09375 0.08984375
1 0.384375 0.302734375 0.096875 0.09375
1 0.4171875 0.240234375 0.096875 0.0859375
1 0.43125 0.2001953125 0.084375 0.076171875
1 0.45859375 0.177734375 0.0953125 0.08203125
1 0.47265625 0.1484375 0.1046875 0.08984375
1 0.4890625 0.119140625 0.08125 0.07421875
1 0.51953125 0.09375 0.0921875 0.08203125
1 0.5734375 0.048828125 0.096875 0.09375
1 0.59453125 0.025390625 0.0828125 0.05078125
1 0.7671875 0.037109375 0.0875 0.05078125
1 0.9796875 0.046875 0.0375 0.05859375
1 0.9171875 0.013671875 0.05625 0.02734375
1 0.9578125 0.02734375 0.06875 0.05078125