0 0.41484375 0.1083984375 0.0359375 0.068359375
1 0.1078125 0.9296875 0.146875 0.13671875
2 0.25703125 0.142578125 0.0328125 0.08203125
2 0.23515625 0.1220703125 0.0390625 0.083984375
2 0.18203125 0.1474609375 0.0828125 0.115234375
2 0.12578125 0.10546875 0.0921875 0.12109375
2 0.5625 0.373046875 0.078125 0.10546875
2 0.06640625 0.1123046875 0.0609375 0.103515625
2 0.09296875 0.033203125 0.0546875 0.06640625
2 0.05078125 0.0400390625 0.0453125 0.080078125
2 0.0109375 0.0888671875 0.021875 0.068359375
2 0.0140625 0.0263671875 0.028125 0.052734375
2 0.59375 0.404296875 0.071875 0.10546875
2 0.61875 0.427734375 0.071875 0.10546875
2 0.63828125 0.4609375 0.0640625 0.109375
2 0.66796875 0.453125 0.0484375 0.1015625
2 0.78984375 0.4462890625 0.0734375 0.076171875
2 0.81015625 0.404296875 0.0828125 0.0859375
2 0.69609375 0.4677734375 0.0671875 0.099609375
2 0.725 0.478515625 0.075 0.109375
2 0.76953125 0.4990234375 0.0859375 0.126953125
2 0.78828125 0.53515625 0.0796875 0.1171875
2 0.8203125 0.5654296875 0.084375 0.123046875
2 0.90859375 0.4033203125 0.0453125 0.095703125
2 0.94140625 0.4375 0.0734375 0.1171875
2 0.9359375 0.537109375 0.090625 0.12890625
2 0.89453125 0.640625 0.0859375 0.12109375
2 0.93359375 0.6669921875 0.0765625 0.115234375
2 0.93828125 0.779296875 0.0890625 0.12890625
2 0.8578125 0.728515625 0.103125 0.125
2 0.8484375 0.826171875 0.05 0.109375
2 0.97578125 0.6796875 0.0453125 0.09375
2 0.98203125 0.5732421875 0.0328125 0.095703125
2 0.9875 0.8447265625 0.021875 0.064453125