0 0.48125 0.517578125 0.0375 0.0390625
0 0.33671875 0.517578125 0.0234375 0.03125
0 0.41875 0.5078125 0.025 0.046875
0 0.3875 0.5283203125 0.01875 0.037109375
0 0.4859375 0.556640625 0.0375 0.02734375
0 0.5578125 0.5966796875 0.034375 0.037109375
0 0.390625 0.5859375 0.028125 0.03515625
0 0.3078125 0.6982421875 0.01875 0.041015625
0 0.6328125 0.6875 0.040625 0.046875
0 0.44140625 0.73046875 0.0234375 0.03125
0 0.48359375 0.7333984375 0.0265625 0.029296875
0 0.28203125 0.828125 0.0234375 0.03515625
0 0.90390625 0.1416015625 0.0328125 0.052734375
0 0.94296875 0.1455078125 0.0390625 0.048828125
0 0.975 0.54296875 0.046875 0.0703125