0 0.45 0.376953125 0.040625 0.05078125
0 0.3609375 0.404296875 0.01875 0.03125
0 0.3609375 0.44921875 0.05 0.0390625
0 0.54453125 0.5087890625 0.0328125 0.044921875
0 0.35703125 0.5732421875 0.0265625 0.033203125
0 0.47890625 0.5693359375 0.0234375 0.037109375
0 0.5265625 0.5712890625 0.0375 0.048828125
0 0.521875 0.6220703125 0.034375 0.044921875
0 0.5953125 0.6884765625 0.021875 0.033203125
0 0.45546875 0.7431640625 0.0234375 0.029296875
0 0.42890625 0.7490234375 0.0265625 0.037109375
0 0.3984375 0.748046875 0.03125 0.0234375
0 0.55390625 0.8798828125 0.0234375 0.037109375
0 0.9515625 0.0888671875 0.053125 0.044921875
0 0.9375 0.0234375 0.034375 0.04296875
0 0.96171875 0.1259765625 0.0234375 0.025390625
0 0.9 0.162109375 0.028125 0.03125
0 0.97890625 0.2744140625 0.0421875 0.021484375
0 0.86171875 0.236328125 0.0484375 0.05078125
0 0.99140625 0.3203125 0.0171875 0.02734375
0 0.9109375 0.4521484375 0.040625 0.048828125