0 0.109375 0.1416015625 0.015625 0.033203125
0 0.12734375 0.14453125 0.0109375 0.03125
0 0.11015625 0.1923828125 0.0140625 0.033203125
0 0.21171875 0.19140625 0.0140625 0.03515625
0 0.42890625 0.1025390625 0.0109375 0.033203125
0 0.4328125 0.32421875 0.0125 0.03515625
0 0.4109375 0.3544921875 0.0125 0.037109375
0 0.3453125 0.333984375 0.0125 0.03515625
0 0.3578125 0.9609375 0.015625 0.046875
0 0.978125 0.984375 0.01875 0.03125
0 0.8984375 0.6669921875 0.01875 0.041015625
0 0.7890625 0.513671875 0.015625 0.0390625
0 0.703125 0.5244140625 0.0125 0.037109375
0 0.68828125 0.53125 0.0171875 0.0390625
0 0.6890625 0.3466796875 0.0125 0.037109375
0 0.6046875 0.404296875 0.0125 0.03125
0 0.55625 0.416015625 0.0125 0.0390625
0 0.575 0.4716796875 0.0125 0.037109375
0 0.8625 0.0322265625 0.0125 0.037109375
0 0.89140625 0.0419921875 0.0109375 0.033203125
0 0.88359375 0.0302734375 0.0109375 0.033203125
4 0.73671875 0.10546875 0.0703125 0.07421875
0 0.909375 0.04296875 0.0125 0.0390625
0 0.9390625 0.0537109375 0.015625 0.041015625