1 0.4390625 0.595703125 0.1125 0.1015625
1 0.478125 0.5146484375 0.103125 0.091796875
1 0.5125 0.4765625 0.103125 0.08984375
1 0.5484375 0.40625 0.103125 0.08984375
1 0.565625 0.369140625 0.090625 0.08203125
1 0.59296875 0.341796875 0.0921875 0.078125
1 0.6125 0.3125 0.096875 0.078125
1 0.625 0.2783203125 0.078125 0.068359375
1 0.65703125 0.2529296875 0.0984375 0.083984375
1 0.709375 0.193359375 0.078125 0.0703125
1 0.74140625 0.1689453125 0.0984375 0.083984375
1 0.7625 0.1416015625 0.096875 0.083984375
1 0.91796875 0.1943359375 0.0953125 0.060546875
1 0.034375 0.556640625 0.065625 0.06640625