1 0.11953125 0.5537109375 0.1828125 0.166015625
1 0.37265625 0.58203125 0.1515625 0.1484375
1 0.30390625 0.78125 0.1546875 0.1640625
1 0.453125 0.6748046875 0.178125 0.189453125
1 0.58828125 0.8447265625 0.1734375 0.181640625
1 0.39609375 0.900390625 0.1859375 0.19140625
1 0.6578125 0.931640625 0.125 0.125
2 0.70546875 0.2978515625 0.0421875 0.033203125
2 0.759375 0.310546875 0.05 0.04296875
2 0.67421875 0.2568359375 0.0515625 0.056640625
2 0.6078125 0.0576171875 0.04375 0.052734375
2 0.63984375 0.26171875 0.0359375 0.03125
2 0.67578125 0.203125 0.0328125 0.02734375
2 0.64609375 0.2197265625 0.0265625 0.017578125
2 0.64609375 0.2001953125 0.0296875 0.021484375
2 0.6 0.2353515625 0.03125 0.021484375
2 0.61953125 0.205078125 0.0328125 0.01953125
2 0.9125 0.474609375 0.05625 0.04296875
2 0.934375 0.5087890625 0.071875 0.033203125
2 0.94453125 0.533203125 0.0640625 0.02734375
2 0.98046875 0.5654296875 0.0390625 0.025390625