0 0.2234375 0.111328125 0.0125 0.03515625
0 0.18203125 0.2998046875 0.0140625 0.037109375
0 0.1 0.2880859375 0.015625 0.037109375
0 0.0453125 0.29296875 0.01875 0.0390625
0 0.32421875 0.375 0.0140625 0.0390625
0 0.30625 0.40234375 0.0125 0.0390625
0 0.40078125 0.408203125 0.0109375 0.03125
0 0.475 0.3349609375 0.0125 0.037109375
0 0.4671875 0.486328125 0.009375 0.03515625
0 0.46015625 0.4892578125 0.0078125 0.033203125
0 0.45078125 0.4951171875 0.0109375 0.037109375
0 0.6015625 0.5244140625 0.015625 0.041015625
0 0.17734375 0.9638671875 0.0171875 0.037109375
0 0.721875 0.8955078125 0.015625 0.048828125
0 0.7421875 0.6884765625 0.0125 0.037109375
0 0.9390625 0.6416015625 0.015625 0.048828125
0 0.91953125 0.623046875 0.0140625 0.0390625
0 0.8390625 0.1474609375 0.015625 0.044921875
4 0.67578125 0.025390625 0.0828125 0.05078125
4 0.52421875 0.1005859375 0.0734375 0.076171875
0 0.8578125 0.015625 0.0125 0.03125
0 0.871875 0.01171875 0.009375 0.0234375
4 0.91171875 0.015625 0.0296875 0.03125
0 0.7546875 0.150390625 0.015625 0.03515625