0 0.41171875 0.3271484375 0.0265625 0.037109375
0 0.565625 0.37109375 0.028125 0.046875
0 0.30625 0.3798828125 0.025 0.029296875
0 0.33984375 0.421875 0.0140625 0.04296875
0 0.40234375 0.443359375 0.0296875 0.04296875
0 0.5328125 0.4697265625 0.03125 0.056640625
0 0.58203125 0.58203125 0.0296875 0.03125
0 0.41171875 0.5625 0.0296875 0.03515625
0 0.39375 0.6103515625 0.021875 0.033203125
0 0.646875 0.6796875 0.025 0.03515625
0 0.5015625 0.7138671875 0.025 0.033203125
0 0.34453125 0.8173828125 0.0265625 0.064453125
0 0.634375 0.8544921875 0.025 0.037109375
0 0.51640625 0.966796875 0.0234375 0.04296875
0 0.978125 0.0771484375 0.040625 0.048828125
0 0.9734375 0.009765625 0.025 0.01953125