0 0.17421875 0.0146484375 0.0203125 0.029296875
0 0.19140625 0.6162109375 0.0328125 0.044921875
0 0.11875 0.576171875 0.034375 0.0390625
0 0.1828125 0.6708984375 0.028125 0.052734375
0 0.10234375 0.6220703125 0.0390625 0.041015625
0 0.09140625 0.66015625 0.0390625 0.04296875
0 0.1140625 0.654296875 0.046875 0.05859375
0 0.04296875 0.677734375 0.0328125 0.0390625
0 0.70546875 0.4697265625 0.0265625 0.048828125
0 0.20625 0.8330078125 0.028125 0.029296875
0 0.12421875 0.8115234375 0.0296875 0.041015625
0 0.11875 0.875 0.028125 0.05859375
0 0.06640625 0.9052734375 0.0359375 0.033203125
0 0.165625 0.876953125 0.028125 0.03515625
0 0.721875 0.5634765625 0.025 0.033203125
0 0.60859375 0.7080078125 0.0265625 0.037109375
0 0.9 0.544921875 0.028125 0.03125
0 0.86640625 0.5712890625 0.0203125 0.037109375
0 0.76796875 0.658203125 0.0265625 0.04296875
0 0.8015625 0.6669921875 0.040625 0.037109375
0 0.89140625 0.8037109375 0.0328125 0.041015625
0 0.740625 0.8505859375 0.021875 0.033203125
0 0.78203125 0.9072265625 0.0359375 0.029296875
0 0.82109375 0.8935546875 0.0296875 0.041015625
0 0.74375 0.9638671875 0.034375 0.044921875