0 0.175 0.0146484375 0.01875 0.029296875
0 0.1609375 0.62890625 0.025 0.03125
0 0.0453125 0.6630859375 0.025 0.037109375
0 0.12734375 0.6611328125 0.0296875 0.044921875
0 0.14765625 0.6865234375 0.0203125 0.037109375
0 0.17734375 0.681640625 0.0328125 0.05078125
0 0.065625 0.708984375 0.03125 0.03515625
0 0.0875 0.79296875 0.015625 0.03515625
0 0.1265625 0.80859375 0.03125 0.046875
0 0.2046875 0.828125 0.03125 0.03515625
0 0.165625 0.876953125 0.03125 0.03515625
0 0.121875 0.8740234375 0.028125 0.056640625
0 0.0671875 0.904296875 0.04375 0.0390625
0 0.19296875 0.9697265625 0.0234375 0.037109375
0 0.1546875 0.982421875 0.028125 0.02734375
0 0.11640625 0.9873046875 0.0203125 0.021484375
0 0.8109375 0.5400390625 0.05 0.064453125
0 0.87578125 0.595703125 0.0296875 0.04296875
0 0.91796875 0.6025390625 0.0234375 0.044921875
0 0.734375 0.6806640625 0.025 0.037109375
0 0.80703125 0.6865234375 0.0359375 0.033203125
0 0.6234375 0.70703125 0.025 0.0390625
0 0.89296875 0.8017578125 0.0265625 0.041015625
0 0.74140625 0.8466796875 0.0234375 0.025390625
0 0.77890625 0.88671875 0.0328125 0.03515625
0 0.821875 0.8896484375 0.034375 0.041015625
0 0.78515625 0.9521484375 0.0234375 0.033203125
0 0.840625 0.982421875 0.040625 0.03125