0 0.02109375 0.1357421875 0.0140625 0.033203125
0 0.04140625 0.1533203125 0.0203125 0.033203125
0 0.21015625 0.1982421875 0.0140625 0.037109375
0 0.4328125 0.1103515625 0.0125 0.033203125
0 0.42265625 0.2021484375 0.0109375 0.037109375
0 0.43359375 0.21484375 0.0109375 0.03125
0 0.10625 0.8583984375 0.01875 0.041015625
0 0.66171875 0.775390625 0.0140625 0.04296875
0 0.8140625 0.814453125 0.015625 0.04296875
0 0.78671875 0.68359375 0.0140625 0.0390625
0 0.5640625 0.6328125 0.0125 0.0390625
0 0.66328125 0.587890625 0.0140625 0.04296875
0 0.74375 0.5146484375 0.015625 0.037109375
0 0.7546875 0.490234375 0.015625 0.0390625
0 0.53828125 0.529296875 0.0140625 0.0390625
0 0.53515625 0.482421875 0.0109375 0.0390625
0 0.50078125 0.3955078125 0.0109375 0.037109375
0 0.58203125 0.396484375 0.0109375 0.03515625
4 0.859375 0.0390625 0.05 0.046875
0 0.66875 0.3662109375 0.015625 0.037109375
0 0.85390625 0.5703125 0.0171875 0.0390625
4 0.71953125 0.10546875 0.0734375 0.0859375
0 0.8 0.677734375 0.01875 0.0390625