1 0.53046875 0.7744140625 0.1359375 0.126953125
1 0.5859375 0.654296875 0.125 0.125
1 0.6265625 0.59765625 0.128125 0.12890625
1 0.67109375 0.4931640625 0.1234375 0.123046875
1 0.69453125 0.4365234375 0.1171875 0.119140625
1 0.72578125 0.3935546875 0.1203125 0.119140625
1 0.75 0.345703125 0.128125 0.12109375
1 0.77578125 0.302734375 0.1234375 0.109375
1 0.8078125 0.2548828125 0.125 0.115234375
1 0.8765625 0.177734375 0.125 0.125
1 0.9109375 0.126953125 0.121875 0.1171875
1 0.93828125 0.083984375 0.1203125 0.11328125