0 0.20078125 0.4501953125 0.0296875 0.033203125
0 0.18125 0.53515625 0.03125 0.03515625
0 0.07890625 0.55078125 0.0296875 0.03515625
0 0.20625 0.62109375 0.034375 0.046875
0 0.11640625 0.59765625 0.0140625 0.03515625
0 0.13125 0.59765625 0.021875 0.02734375
0 0.1703125 0.611328125 0.034375 0.04296875
0 0.140625 0.626953125 0.028125 0.03515625
0 0.08828125 0.7646484375 0.0234375 0.037109375
0 0.121875 0.7744140625 0.03125 0.037109375
0 0.20234375 0.7958984375 0.0203125 0.025390625
0 0.17421875 0.80859375 0.0296875 0.0390625
0 0.15 0.8310546875 0.01875 0.029296875
0 0.18515625 0.8388671875 0.0453125 0.048828125
0 0.08046875 0.8515625 0.0359375 0.0390625
0 0.04765625 0.9189453125 0.0296875 0.029296875
0 0.04453125 0.95703125 0.0421875 0.0546875
0 0.12734375 0.98046875 0.0265625 0.03515625
0 0.871875 0.5126953125 0.028125 0.041015625
0 0.79609375 0.515625 0.0265625 0.0390625
0 0.75234375 0.634765625 0.0234375 0.04296875
0 0.85078125 0.6474609375 0.0296875 0.041015625
0 0.66015625 0.6455078125 0.0453125 0.048828125
0 0.8359375 0.6904296875 0.025 0.029296875
0 0.76328125 0.6982421875 0.0265625 0.044921875
0 0.73203125 0.7333984375 0.0453125 0.044921875
0 0.8921875 0.8154296875 0.03125 0.044921875
0 0.88515625 0.8837890625 0.0328125 0.056640625
0 0.9359375 0.939453125 0.028125 0.03125
0 0.7671875 0.880859375 0.025 0.03125
0 0.73671875 0.8515625 0.0234375 0.03125
0 0.7125 0.9853515625 0.01875 0.025390625