0 0.00390625 0.2236328125 0.0078125 0.033203125
0 0.15859375 0.2587890625 0.0109375 0.041015625
0 0.2140625 0.115234375 0.0125 0.03515625
0 0.43671875 0.3232421875 0.0109375 0.041015625
0 0.390625 0.4140625 0.0125 0.03125
0 0.33828125 0.3818359375 0.0078125 0.033203125
0 0.3234375 0.384765625 0.0125 0.03515625
0 0.8375 0.83984375 0.015625 0.04296875
0 0.571875 0.76953125 0.0125 0.0390625
0 0.709375 0.6494140625 0.021875 0.044921875
0 0.66640625 0.611328125 0.0171875 0.04296875
0 0.521875 0.642578125 0.015625 0.04296875
4 0.51171875 0.10546875 0.0703125 0.0703125
0 0.60078125 0.0498046875 0.0109375 0.037109375
4 0.6421875 0.044921875 0.034375 0.06640625
0 0.7578125 0.171875 0.009375 0.03515625
0 0.8078125 0.1220703125 0.0125 0.033203125
0 0.946875 0.111328125 0.015625 0.03515625
0 0.8421875 0.021484375 0.0125 0.0390625
0 0.8859375 0.0205078125 0.0125 0.033203125
0 0.9375 0.017578125 0.015625 0.03515625
0 0.909375 0.0068359375 0.015625 0.013671875
4 0.83046875 0.1826171875 0.0546875 0.064453125