0 0.496875 0.4150390625 0.021875 0.029296875
0 0.4296875 0.484375 0.040625 0.0546875
0 0.39453125 0.505859375 0.0265625 0.03125
0 0.49140625 0.5126953125 0.0203125 0.041015625
0 0.471875 0.572265625 0.01875 0.03125
0 0.42421875 0.5615234375 0.0296875 0.041015625
0 0.315625 0.6357421875 0.028125 0.037109375
0 0.58359375 0.59765625 0.0359375 0.03515625
0 0.27421875 0.76953125 0.0296875 0.046875
0 0.65390625 0.6962890625 0.0390625 0.044921875
0 0.4625 0.7216796875 0.021875 0.021484375
0 0.5046875 0.728515625 0.025 0.03125
0 0.93203125 0.1767578125 0.0203125 0.037109375
0 0.990625 0.1845703125 0.01875 0.033203125