2 0.74765625 0.97265625 0.0421875 0.05078125
2 0.70625 0.8759765625 0.04375 0.126953125
2 0.63203125 0.8115234375 0.0609375 0.119140625
2 0.65390625 0.6533203125 0.1015625 0.126953125
2 0.59921875 0.5751953125 0.1046875 0.130859375
2 0.48203125 0.611328125 0.0671875 0.11328125
2 0.51484375 0.498046875 0.0953125 0.08984375
2 0.7 0.50390625 0.08125 0.125
2 0.65859375 0.482421875 0.0640625 0.078125
2 0.625 0.44140625 0.084375 0.10546875
2 0.5875 0.4033203125 0.10625 0.130859375
2 0.5234375 0.2744140625 0.109375 0.134765625
2 0.4984375 0.2294921875 0.096875 0.119140625
2 0.48671875 0.1787109375 0.1015625 0.126953125
2 0.44375 0.1337890625 0.1 0.123046875
2 0.4140625 0.10546875 0.084375 0.10546875
2 0.353125 0.0810546875 0.084375 0.119140625
2 0.3390625 0.0390625 0.065625 0.078125
2 0.2984375 0.015625 0.03125 0.03125
2 0.56171875 0.107421875 0.0796875 0.06640625
2 0.71796875 0.3486328125 0.1140625 0.138671875
2 0.6671875 0.2900390625 0.096875 0.111328125
2 0.75859375 0.232421875 0.1046875 0.109375
2 0.7046875 0.15234375 0.084375 0.1171875
2 0.67890625 0.109375 0.0546875 0.0859375
2 0.8125 0.2001953125 0.05 0.087890625
2 0.76015625 0.0908203125 0.0828125 0.087890625
2 0.87421875 0.322265625 0.0953125 0.10546875
2 0.89375 0.3505859375 0.090625 0.099609375
2 0.90859375 0.3974609375 0.0890625 0.099609375