0 0.39921875 0.1591796875 0.0109375 0.029296875
0 0.25390625 0.3076171875 0.0109375 0.033203125
0 0.234375 0.3232421875 0.0125 0.037109375
0 0.2515625 0.3740234375 0.0125 0.037109375
0 0.28125 0.3544921875 0.0125 0.037109375
0 0.39765625 0.3798828125 0.0140625 0.037109375
0 0.265625 0.51171875 0.0125 0.0390625
0 0.3703125 0.6591796875 0.015625 0.037109375
0 0.3796875 0.7265625 0.0125 0.0390625
0 0.2421875 0.91015625 0.015625 0.04296875
0 0.21953125 0.9326171875 0.0171875 0.044921875
0 0.8703125 0.0712890625 0.0125 0.033203125
0 0.98203125 0.0673828125 0.0140625 0.033203125