0 0.0390625 0.1416015625 0.015625 0.037109375
0 0.05859375 0.1455078125 0.0109375 0.029296875
0 0.14296875 0.1875 0.0140625 0.03125
0 0.02421875 0.1875 0.0171875 0.03515625
0 0.2828125 0.3193359375 0.015625 0.033203125
0 0.34765625 0.333984375 0.0140625 0.03515625
0 0.3796875 0.3193359375 0.0125 0.037109375
0 0.38515625 0.1064453125 0.0109375 0.033203125
0 0.328125 0.9521484375 0.015625 0.048828125
0 0.92421875 0.96875 0.0203125 0.05078125
0 0.86875 0.671875 0.015625 0.04296875
0 0.75078125 0.5166015625 0.0140625 0.041015625
4 0.64453125 0.517578125 0.0296875 0.04296875
0 0.64921875 0.34765625 0.0109375 0.03515625
0 0.56328125 0.4072265625 0.0109375 0.029296875
0 0.51015625 0.4033203125 0.0140625 0.037109375
0 0.51640625 0.45703125 0.0140625 0.03515625
0 0.96640625 0.162109375 0.0140625 0.03515625
0 0.8421875 0.0380859375 0.015625 0.052734375
0 0.82109375 0.0322265625 0.0171875 0.037109375
4 0.69140625 0.103515625 0.0734375 0.0859375