1 0.3125 0.4345703125 0.1 0.095703125
1 0.346875 0.3583984375 0.09375 0.087890625
1 0.38046875 0.32421875 0.0984375 0.08984375
1 0.4140625 0.263671875 0.1 0.09375
1 0.43359375 0.23046875 0.0984375 0.08984375
1 0.4515625 0.1982421875 0.096875 0.087890625
1 0.46796875 0.1689453125 0.0953125 0.080078125
1 0.4890625 0.1416015625 0.0875 0.076171875
1 0.51015625 0.11328125 0.0921875 0.078125
1 0.5671875 0.0712890625 0.1 0.091796875
1 0.5890625 0.0380859375 0.090625 0.076171875
1 0.61171875 0.01953125 0.0765625 0.0390625
1 0.759375 0.0546875 0.090625 0.0625
1 0.86796875 0.017578125 0.0546875 0.03515625
1 0.91796875 0.0224609375 0.0734375 0.044921875
1 0.94765625 0.0400390625 0.0640625 0.080078125
1 0.97734375 0.0615234375 0.0421875 0.060546875