0 0.0890625 0.16015625 0.015625 0.03515625
0 0.35 0.150390625 0.0125 0.03125
0 0.3734375 0.1513671875 0.015625 0.029296875
0 0.43984375 0.1005859375 0.0140625 0.037109375
0 0.42578125 0.3037109375 0.0140625 0.037109375
0 0.446875 0.3681640625 0.015625 0.041015625
0 0.084375 0.8896484375 0.021875 0.041015625
0 0.7234375 0.6767578125 0.015625 0.041015625
0 0.9078125 0.619140625 0.01875 0.04296875
0 0.58125 0.6083984375 0.01875 0.041015625
0 0.79296875 0.5556640625 0.0171875 0.041015625
4 0.76640625 0.619140625 0.0328125 0.046875
0 0.77578125 0.4990234375 0.0140625 0.037109375
0 0.62734375 0.5185546875 0.0140625 0.041015625
0 0.490625 0.517578125 0.015625 0.046875
0 0.51015625 0.4189453125 0.0140625 0.037109375
0 0.5859375 0.3857421875 0.0125 0.033203125
0 0.678125 0.3466796875 0.0125 0.037109375
0 0.80546875 0.021484375 0.0140625 0.03125
0 0.82109375 0.0185546875 0.0140625 0.033203125
0 0.840625 0.021484375 0.0125 0.03125
4 0.86875 0.0341796875 0.025 0.064453125
4 0.72578125 0.095703125 0.0703125 0.078125