0 0.08046875 0.0078125 0.0171875 0.015625
0 0.1796875 0.498046875 0.03125 0.04296875
0 0.12578125 0.5615234375 0.0546875 0.037109375
0 0.03515625 0.576171875 0.0265625 0.04296875
0 0.70625 0.3935546875 0.05 0.052734375
0 0.07578125 0.60546875 0.0296875 0.04296875
0 0.06953125 0.6494140625 0.0140625 0.033203125
0 0.10859375 0.630859375 0.0265625 0.05078125
0 0.10078125 0.6767578125 0.0234375 0.037109375
0 0.1390625 0.638671875 0.021875 0.04296875
0 0.16328125 0.6533203125 0.0234375 0.037109375
0 0.17265625 0.818359375 0.0296875 0.03515625
0 0.0578125 0.794921875 0.025 0.03125
0 0.0890625 0.794921875 0.028125 0.04296875
0 0.14921875 0.8310546875 0.0234375 0.025390625
0 0.12265625 0.85546875 0.0203125 0.03125
0 0.1546875 0.8603515625 0.028125 0.037109375
0 0.05546875 0.8837890625 0.0359375 0.044921875
0 0.02734375 0.9599609375 0.0234375 0.025390625
0 0.01796875 0.9833984375 0.0171875 0.029296875
0 0.82421875 0.513671875 0.0296875 0.03515625
0 0.80859375 0.5732421875 0.0296875 0.044921875
0 0.79296875 0.625 0.0265625 0.03515625
0 0.71015625 0.5830078125 0.0296875 0.056640625
0 0.66640625 0.640625 0.0296875 0.0390625
0 0.61015625 0.6787109375 0.0203125 0.033203125
0 0.6046875 0.7080078125 0.0375 0.052734375
0 0.859375 0.779296875 0.028125 0.04296875
0 0.70625 0.8271484375 0.021875 0.033203125
0 0.74296875 0.8525390625 0.0234375 0.037109375
0 0.85390625 0.8525390625 0.0234375 0.048828125
0 0.8640625 0.8974609375 0.0375 0.021484375
0 0.6359375 0.982421875 0.0375 0.03125