0 0.0265625 0.2353515625 0.015625 0.033203125
0 0.053125 0.236328125 0.015625 0.03515625
0 0.1875 0.2734375 0.0125 0.03515625
0 0.21484375 0.1142578125 0.0109375 0.033203125
0 0.4546875 0.3291015625 0.0125 0.037109375
0 0.3921875 0.4111328125 0.0125 0.029296875
0 0.33671875 0.396484375 0.0109375 0.03515625
0 0.35390625 0.3955078125 0.0109375 0.037109375
0 0.34453125 0.3974609375 0.0078125 0.033203125
0 0.825 0.81640625 0.015625 0.0390625
0 0.590625 0.7998046875 0.015625 0.037109375
0 0.746875 0.65234375 0.021875 0.04296875
0 0.8953125 0.6494140625 0.015625 0.037109375
0 0.65625 0.5966796875 0.01875 0.041015625
0 0.54609375 0.671875 0.0140625 0.0390625
0 0.60234375 0.05078125 0.0109375 0.0390625
0 0.628125 0.03125 0.0125 0.02734375
0 0.6421875 0.056640625 0.009375 0.03515625
0 0.65234375 0.03125 0.0140625 0.03515625
0 0.80234375 0.1181640625 0.0140625 0.033203125
0 0.76171875 0.171875 0.0109375 0.03515625
4 0.82421875 0.1826171875 0.0546875 0.068359375
0 0.97734375 0.119140625 0.0140625 0.03125
0 0.928125 0.0166015625 0.0125 0.033203125
0 0.84375 0.01171875 0.0125 0.0234375
0 0.83125 0.01171875 0.009375 0.0234375
4 0.51484375 0.1064453125 0.0703125 0.076171875