2 0.60703125 0.1728515625 0.0421875 0.095703125
2 0.571875 0.1533203125 0.046875 0.123046875
2 0.54609375 0.1513671875 0.0421875 0.119140625
2 0.41875 0.1552734375 0.084375 0.146484375
2 0.33359375 0.15234375 0.0453125 0.1015625
2 0.29296875 0.14453125 0.0296875 0.0859375
2 0.440625 0.2783203125 0.075 0.123046875
2 0.3734375 0.27734375 0.059375 0.12109375
2 0.50546875 0.4052734375 0.0484375 0.123046875
2 0.465625 0.4130859375 0.046875 0.107421875
2 0.41640625 0.4248046875 0.0609375 0.115234375
2 0.371875 0.423828125 0.065625 0.12109375
2 0.5484375 0.556640625 0.065625 0.12890625
2 0.46484375 0.5458984375 0.0640625 0.130859375
2 0.3640625 0.544921875 0.09375 0.12890625
2 0.39453125 0.658203125 0.0453125 0.11328125
2 0.609375 0.6962890625 0.0625 0.123046875
2 0.696875 0.6845703125 0.084375 0.123046875
2 0.79921875 0.734375 0.1078125 0.09765625
2 0.915625 0.775390625 0.1125 0.09765625
2 0.9875 0.76953125 0.021875 0.05859375
2 0.26171875 0.380859375 0.0484375 0.1328125
2 0.2203125 0.361328125 0.046875 0.12109375
2 0.1859375 0.3359375 0.046875 0.14453125
2 0.13359375 0.3330078125 0.0453125 0.126953125
2 0.0921875 0.328125 0.059375 0.12890625
2 0.03359375 0.2041015625 0.0453125 0.072265625
2 0.2046875 0.244140625 0.046875 0.0546875
2 0.12890625 0.19921875 0.0671875 0.0859375
2 0.03828125 0.357421875 0.0390625 0.1171875
2 0.01171875 0.3408203125 0.0234375 0.103515625