2 0.896875 0.501953125 0.1125 0.09375
2 0.98515625 0.5498046875 0.0265625 0.060546875
2 0.80546875 0.443359375 0.0609375 0.1171875
2 0.71171875 0.43359375 0.0421875 0.13671875
2 0.49609375 0.36328125 0.0359375 0.1171875
2 0.6625 0.28515625 0.0625 0.13671875
2 0.58125 0.259765625 0.06875 0.13671875
2 0.4828125 0.2431640625 0.090625 0.134765625
2 0.6328125 0.125 0.040625 0.125
2 0.59375 0.126953125 0.05 0.11328125
2 0.54296875 0.126953125 0.0640625 0.125
2 0.49453125 0.1181640625 0.0796875 0.138671875
2 0.571875 0.021484375 0.025 0.04296875
2 0.50078125 0.015625 0.0203125 0.03125
2 0.38984375 0.0634765625 0.0484375 0.126953125
2 0.3453125 0.0478515625 0.040625 0.095703125
2 0.30703125 0.033203125 0.0421875 0.06640625
2 0.2578125 0.025390625 0.0375 0.05078125
2 0.21796875 0.0185546875 0.0296875 0.037109375
2 0.190625 0.0166015625 0.015625 0.033203125
2 0.15625 0.03125 0.03125 0.0625
2 0.1203125 0.017578125 0.03125 0.03515625