0 0.0109375 0.1533203125 0.01875 0.037109375
0 0.27734375 0.1708984375 0.0109375 0.033203125
0 0.2984375 0.169921875 0.0125 0.03125
0 0.44296875 0.10546875 0.0140625 0.0390625
0 0.37265625 0.2646484375 0.0140625 0.037109375
0 0.36796875 0.30078125 0.0171875 0.03515625
0 0.45078125 0.4609375 0.0140625 0.0390625
0 0.24375 0.9404296875 0.01875 0.044921875
0 0.82734375 0.5908203125 0.0171875 0.041015625
0 0.67890625 0.615234375 0.0140625 0.0390625
0 0.7375 0.5947265625 0.009375 0.037109375
0 0.75625 0.58984375 0.009375 0.0390625
0 0.74609375 0.591796875 0.0078125 0.0390625
0 0.7796875 0.501953125 0.015625 0.0390625
0 0.53203125 0.5263671875 0.0140625 0.037109375
0 0.60703125 0.490234375 0.0140625 0.04296875
0 0.49453125 0.3896484375 0.0140625 0.037109375
0 0.59375 0.390625 0.009375 0.03125
0 0.68046875 0.3525390625 0.0109375 0.033203125
4 0.7265625 0.1005859375 0.08125 0.076171875
0 0.840625 0.025390625 0.0125 0.03515625
0 0.85234375 0.0283203125 0.0109375 0.033203125
0 0.8859375 0.0380859375 0.015625 0.041015625
0 0.9078125 0.0302734375 0.0125 0.033203125
0 0.91796875 0.015625 0.0140625 0.03125