0 0.421875 0.2958984375 0.034375 0.037109375
0 0.30078125 0.291015625 0.0515625 0.046875
0 0.3296875 0.3974609375 0.028125 0.025390625
0 0.4078125 0.3759765625 0.028125 0.056640625
0 0.553125 0.42578125 0.025 0.0625
0 0.503125 0.4501953125 0.03125 0.041015625
0 0.58359375 0.5810546875 0.0453125 0.052734375
0 0.396875 0.541015625 0.021875 0.02734375
0 0.4203125 0.5244140625 0.03125 0.033203125
0 0.64609375 0.6787109375 0.0296875 0.029296875
0 0.5015625 0.7119140625 0.025 0.029296875
0 0.40546875 0.7265625 0.0328125 0.03125
0 0.62890625 0.9775390625 0.0296875 0.041015625
0 0.97265625 0.01171875 0.0203125 0.0234375
0 0.99140625 0.1484375 0.0171875 0.03125