0 0.2015625 0.1669921875 0.015625 0.033203125
0 0.18359375 0.158203125 0.0140625 0.03515625
0 0.2875 0.2216796875 0.015625 0.033203125
0 0.23515625 0.23046875 0.0140625 0.0390625
0 0.44765625 0.1103515625 0.0140625 0.033203125
0 0.46015625 0.3544921875 0.0140625 0.037109375
0 0.396875 0.38671875 0.015625 0.03515625
0 0.46875 0.4248046875 0.015625 0.041015625
0 0.34765625 0.982421875 0.0171875 0.03515625
0 0.87109375 0.63671875 0.0171875 0.0390625
0 0.78515625 0.509765625 0.0171875 0.0390625
0 0.72890625 0.5546875 0.0109375 0.0390625
0 0.721875 0.560546875 0.0125 0.0390625
0 0.709375 0.55859375 0.015625 0.0390625
0 0.621875 0.533203125 0.015625 0.0390625
0 0.5828125 0.44921875 0.0125 0.0390625
0 0.60234375 0.40234375 0.0109375 0.03515625
0 0.91796875 0.0341796875 0.0140625 0.037109375
4 0.87734375 0.029296875 0.0515625 0.046875
0 0.98515625 0.18359375 0.0140625 0.04296875
0 0.6890625 0.34375 0.015625 0.04296875