2 0.2984375 0.263671875 0.05625 0.1015625
2 0.33125 0.2841796875 0.053125 0.103515625
2 0.36875 0.3017578125 0.0625 0.119140625
2 0.39921875 0.3251953125 0.0640625 0.123046875
2 0.43125 0.30859375 0.034375 0.109375
2 0.4609375 0.3134765625 0.05 0.103515625
2 0.4953125 0.3193359375 0.053125 0.111328125
2 0.54140625 0.330078125 0.0578125 0.1328125
2 0.421875 0.1796875 0.04375 0.08203125
2 0.5734375 0.3603515625 0.05625 0.119140625
2 0.60625 0.3818359375 0.065625 0.134765625
2 0.66328125 0.171875 0.0328125 0.09765625
2 0.70390625 0.193359375 0.0546875 0.11328125
2 0.778125 0.21484375 0.08125 0.125
2 0.72421875 0.3115234375 0.0671875 0.123046875
2 0.790625 0.3251953125 0.08125 0.130859375
2 0.90078125 0.2275390625 0.0671875 0.123046875
2 0.92734375 0.234375 0.0546875 0.1171875
2 0.70703125 0.4453125 0.0765625 0.125
2 0.75078125 0.453125 0.0671875 0.1171875
2 0.80078125 0.45703125 0.0578125 0.10546875
2 0.83828125 0.458984375 0.0359375 0.11328125
2 0.68828125 0.548828125 0.0984375 0.13671875
2 0.784375 0.576171875 0.065625 0.12890625
2 0.8609375 0.6015625 0.065625 0.12890625
2 0.70703125 0.6630859375 0.0328125 0.115234375
2 0.90859375 0.7431640625 0.0421875 0.119140625
4 0.51171875 0.1953125 0.0734375 0.1015625
4 0.5875 0.216796875 0.04375 0.0546875