0 0.0046875 0.203125 0.009375 0.03125
0 0.24375 0.2412109375 0.015625 0.037109375
0 0.4265625 0.1904296875 0.015625 0.033203125
0 0.27734375 0.1787109375 0.0234375 0.041015625
0 0.46171875 0.3115234375 0.0171875 0.033203125
0 0.57109375 0.1796875 0.0140625 0.03515625
0 0.0328125 0.5615234375 0.01875 0.044921875
0 0.01328125 0.5751953125 0.0203125 0.044921875
0 0.03828125 0.6103515625 0.0140625 0.041015625
0 0.759375 0.9775390625 0.01875 0.044921875
0 0.8359375 0.6513671875 0.01875 0.033203125
0 0.9015625 0.4482421875 0.015625 0.041015625
0 0.8703125 0.431640625 0.015625 0.0390625
0 0.84375 0.40234375 0.01875 0.04296875
0 0.76953125 0.4365234375 0.0140625 0.029296875
0 0.73359375 0.41015625 0.0140625 0.03515625
0 0.72109375 0.41015625 0.0109375 0.03515625
0 0.66328125 0.369140625 0.0140625 0.0390625
0 0.64609375 0.3671875 0.0140625 0.03515625
0 0.6171875 0.154296875 0.0125 0.03515625
0 0.6640625 0.0146484375 0.015625 0.029296875
4 0.909375 0.12890625 0.078125 0.0859375