0 0.1734375 0.0126953125 0.021875 0.025390625
0 0.73671875 0.505859375 0.0578125 0.05859375
0 0.1734375 0.6796875 0.034375 0.046875
0 0.15078125 0.6005859375 0.0328125 0.037109375
0 0.128125 0.615234375 0.03125 0.03125
0 0.05859375 0.6728515625 0.0296875 0.037109375
0 0.08828125 0.6640625 0.0328125 0.046875
0 0.1015625 0.6650390625 0.028125 0.044921875
0 0.021875 0.7216796875 0.03125 0.044921875
0 0.12421875 0.8076171875 0.0265625 0.033203125
0 0.19765625 0.8173828125 0.0421875 0.048828125
0 0.1203125 0.8681640625 0.03125 0.052734375
0 0.165625 0.8720703125 0.028125 0.033203125
0 0.065625 0.900390625 0.04375 0.0390625
0 0.1953125 0.982421875 0.025 0.03125
0 0.1453125 0.9892578125 0.021875 0.017578125
0 0.11640625 0.990234375 0.0140625 0.015625
0 0.91484375 0.5654296875 0.0203125 0.029296875
0 0.8765625 0.5771484375 0.015625 0.033203125
0 0.7515625 0.564453125 0.034375 0.03515625
0 0.61875 0.7021484375 0.025 0.033203125
0 0.75546875 0.6689453125 0.0265625 0.041015625
0 0.80703125 0.669921875 0.0203125 0.03125
0 0.890625 0.8017578125 0.028125 0.041015625
0 0.7375 0.8447265625 0.01875 0.029296875
0 0.775 0.8876953125 0.025 0.037109375
0 0.81953125 0.8876953125 0.0296875 0.044921875
0 0.76171875 0.95703125 0.0328125 0.03125