1 0.10703125 0.8369140625 0.1359375 0.255859375
1 0.32109375 0.869140625 0.1390625 0.25
1 0.515625 0.9111328125 0.11875 0.169921875
1 0.7140625 0.9150390625 0.11875 0.162109375
2 0.88984375 0.267578125 0.1015625 0.0859375
2 0.98046875 0.3095703125 0.0359375 0.060546875
2 0.790625 0.201171875 0.071875 0.12890625
2 0.7046875 0.205078125 0.04375 0.12890625
2 0.4875 0.130859375 0.034375 0.1171875
2 0.65546875 0.0556640625 0.0453125 0.111328125
2 0.571875 0.044921875 0.05 0.08984375
2 0.471875 0.0283203125 0.053125 0.056640625