0 0.11328125 0.1640625 0.0140625 0.0390625
0 0.37421875 0.1474609375 0.0140625 0.033203125
0 0.3953125 0.154296875 0.0125 0.03125
0 0.43828125 0.1005859375 0.0109375 0.033203125
0 0.44140625 0.3203125 0.0140625 0.0390625
0 0.465625 0.3955078125 0.015625 0.041015625
0 0.03046875 0.8818359375 0.0203125 0.044921875
0 0.7390625 0.7021484375 0.0125 0.037109375
0 0.896875 0.60546875 0.015625 0.04296875
0 0.78515625 0.5439453125 0.0171875 0.037109375
0 0.59765625 0.6357421875 0.0140625 0.037109375
0 0.63515625 0.5234375 0.0109375 0.03515625
0 0.76171875 0.6298828125 0.0109375 0.037109375
0 0.771875 0.62890625 0.009375 0.0390625
0 0.77890625 0.626953125 0.0109375 0.03515625
0 0.7734375 0.498046875 0.015625 0.0390625
0 0.58515625 0.38671875 0.0109375 0.03515625
0 0.5125 0.427734375 0.0125 0.0390625
0 0.50234375 0.537109375 0.0140625 0.0390625
0 0.8171875 0.02734375 0.015625 0.03515625
0 0.8421875 0.021484375 0.0125 0.03125
0 0.85546875 0.017578125 0.0140625 0.03125
0 0.878125 0.046875 0.0125 0.03125
0 0.871875 0.0263671875 0.0125 0.033203125
4 0.7234375 0.09375 0.078125 0.08203125