2 0.90546875 0.31640625 0.0578125 0.1015625
2 0.87890625 0.283203125 0.0671875 0.1171875
2 0.85390625 0.271484375 0.0703125 0.12109375
2 0.72578125 0.232421875 0.0984375 0.1328125
2 0.6515625 0.189453125 0.071875 0.11328125
2 0.61484375 0.1650390625 0.0359375 0.080078125
2 0.4953125 0.2333984375 0.04375 0.056640625
2 0.21328125 0.1982421875 0.0546875 0.080078125
2 0.35546875 0.126953125 0.0296875 0.05859375
2 0.44609375 0.1630859375 0.0453125 0.080078125
2 0.71875 0.3525390625 0.096875 0.142578125
2 0.65390625 0.322265625 0.0890625 0.1328125
2 0.25 0.2177734375 0.071875 0.111328125
2 0.2875 0.2412109375 0.084375 0.130859375
2 0.3171875 0.275390625 0.075 0.125
2 0.3515625 0.2685546875 0.025 0.099609375
2 0.375 0.2763671875 0.071875 0.115234375
2 0.41171875 0.2861328125 0.0796875 0.123046875
2 0.45625 0.318359375 0.075 0.11328125
2 0.4890625 0.345703125 0.08125 0.125
2 0.52265625 0.376953125 0.0921875 0.14453125
2 0.6171875 0.46484375 0.090625 0.1328125
2 0.66015625 0.4814453125 0.0828125 0.123046875
2 0.71015625 0.4951171875 0.0640625 0.103515625
2 0.7484375 0.50390625 0.04375 0.1171875
2 0.58359375 0.5791015625 0.1015625 0.126953125
2 0.67890625 0.615234375 0.0859375 0.13671875
2 0.75234375 0.6572265625 0.0859375 0.138671875
2 0.58125 0.6904296875 0.05 0.111328125
2 0.77734375 0.8173828125 0.0546875 0.119140625
2 0.865625 0.837890625 0.06875 0.140625
2 0.95 0.9267578125 0.096875 0.103515625