0 0.59375 0.310546875 0.040625 0.046875
0 0.50234375 0.4326171875 0.0265625 0.037109375
0 0.36875 0.421875 0.028125 0.03515625
0 0.4421875 0.4638671875 0.025 0.033203125
0 0.47265625 0.4775390625 0.0234375 0.033203125
0 0.34765625 0.4912109375 0.0234375 0.041015625
0 0.58046875 0.5712890625 0.0328125 0.041015625
0 0.41328125 0.5703125 0.0390625 0.04296875
0 0.34140625 0.587890625 0.0234375 0.0390625
0 0.64453125 0.6708984375 0.0234375 0.037109375
0 0.53671875 0.7509765625 0.0296875 0.025390625
0 0.49921875 0.7021484375 0.0234375 0.033203125
0 0.459375 0.69921875 0.021875 0.02734375
0 0.61015625 0.779296875 0.0265625 0.03515625
0 0.990625 0.21484375 0.015625 0.0625