1 0.14921875 0.337890625 0.1765625 0.14453125
1 0.12578125 0.427734375 0.1765625 0.1484375
1 0.09921875 0.52734375 0.1703125 0.14453125
1 0.440625 0.392578125 0.1625 0.10546875
1 0.0546875 0.7255859375 0.109375 0.103515625
1 0.0484375 0.8369140625 0.096875 0.095703125
1 0.02578125 0.931640625 0.0515625 0.08203125
1 0.63515625 0.1611328125 0.1453125 0.212890625
1 0.71171875 0.2080078125 0.1453125 0.212890625
1 0.78515625 0.2685546875 0.1453125 0.212890625
1 0.86171875 0.3193359375 0.1640625 0.236328125
1 0.93984375 0.369140625 0.1171875 0.18359375
1 0.97578125 0.451171875 0.0453125 0.12890625