1 0.4109375 0.205078125 0.078125 0.1015625
1 0.471875 0.837890625 0.1125 0.1015625
1 0.515625 0.7451171875 0.103125 0.095703125
1 0.5515625 0.7041015625 0.10625 0.099609375
1 0.5890625 0.6259765625 0.10625 0.099609375
1 0.60703125 0.5869140625 0.0984375 0.095703125
1 0.6328125 0.552734375 0.103125 0.09375
1 0.65390625 0.51953125 0.1078125 0.08984375
1 0.67890625 0.48828125 0.1046875 0.08984375
1 0.70390625 0.451171875 0.1046875 0.08984375
1 0.7625 0.3974609375 0.103125 0.095703125
1 0.7921875 0.359375 0.1 0.08984375
1 0.8140625 0.3271484375 0.096875 0.087890625
1 0.96328125 0.38671875 0.0734375 0.05859375
1 0.36875 0.1337890625 0.06875 0.091796875