0 0.29765625 0.43359375 0.0265625 0.046875
0 0.2609375 0.41796875 0.025 0.03515625
0 0.12109375 0.474609375 0.0328125 0.04296875
0 0.23828125 0.55078125 0.0265625 0.0390625
0 0.0890625 0.5595703125 0.028125 0.044921875
0 0.565625 0.4287109375 0.025 0.037109375
0 0.51953125 0.5107421875 0.0359375 0.048828125
0 0.4078125 0.4638671875 0.01875 0.033203125
0 0.43203125 0.494140625 0.0265625 0.03125
0 0.46953125 0.5146484375 0.0390625 0.048828125
0 0.35703125 0.6015625 0.0171875 0.0234375
0 0.43828125 0.662109375 0.0234375 0.0390625
0 0.31171875 0.7568359375 0.0234375 0.033203125
0 0.27734375 0.7373046875 0.0296875 0.029296875
0 0.2671875 0.763671875 0.015625 0.0234375
0 0.97265625 0.318359375 0.0296875 0.03515625
0 0.75 0.099609375 0.01875 0.04296875
0 0.7453125 0.173828125 0.03125 0.03125
0 0.828125 0.234375 0.028125 0.03125
0 0.71640625 0.1357421875 0.0484375 0.056640625
0 0.61875 0.064453125 0.025 0.046875
0 0.66953125 0.009765625 0.0203125 0.01953125
0 0.640625 0.015625 0.025 0.03125
0 0.5375 0.9443359375 0.04375 0.029296875