0 0.23125 0.1865234375 0.015625 0.033203125
0 0.228125 0.2685546875 0.015625 0.037109375
0 0.4453125 0.169921875 0.01875 0.03515625
0 0.14296875 0.3857421875 0.0140625 0.037109375
0 0.059375 0.494140625 0.015625 0.03515625
0 0.02734375 0.494140625 0.0171875 0.03515625
0 0.8875 0.6162109375 0.015625 0.044921875
0 0.82421875 0.509765625 0.0171875 0.04296875
0 0.71640625 0.3623046875 0.0140625 0.037109375
0 0.8703125 0.115234375 0.01875 0.03125
0 0.85390625 0.08203125 0.0140625 0.03515625
0 0.7234375 0.1201171875 0.015625 0.037109375