0 0.7515625 0.3037109375 0.028125 0.033203125
0 0.73125 0.2333984375 0.0375 0.037109375
0 0.7796875 0.181640625 0.028125 0.03125
0 0.67578125 0.0537109375 0.0203125 0.041015625
0 0.6765625 0.123046875 0.025 0.03515625
0 0.65 0.083984375 0.0375 0.0390625
0 0.55390625 0.287109375 0.0234375 0.0390625
0 0.084375 0.38671875 0.03125 0.0390625
0 0.13046875 0.4892578125 0.0234375 0.037109375
0 0.2671875 0.599609375 0.025 0.04296875
0 0.1578125 0.5595703125 0.028125 0.029296875
0 0.2 0.56640625 0.025 0.04296875
0 0.38125 0.6357421875 0.021875 0.037109375
0 0.265625 0.6669921875 0.021875 0.033203125
0 0.1484375 0.650390625 0.025 0.03125
0 0.0328125 0.5732421875 0.028125 0.025390625
0 0.19296875 0.6875 0.0234375 0.02734375
0 0.19765625 0.7265625 0.0296875 0.0234375
0 0.47109375 0.8837890625 0.0328125 0.041015625
0 0.31328125 0.9775390625 0.0265625 0.037109375