0 0.33359375 0.1259765625 0.0140625 0.033203125
0 0.26796875 0.462890625 0.0171875 0.03125
0 0.29375 0.4921875 0.015625 0.0390625
0 0.31171875 0.4912109375 0.0140625 0.037109375
0 0.965625 0.287109375 0.015625 0.0390625
0 0.91875 0.3291015625 0.0125 0.037109375
0 0.9015625 0.30859375 0.015625 0.0390625
0 0.7796875 0.28125 0.015625 0.0390625
0 0.7265625 0.330078125 0.015625 0.0390625
0 0.64453125 0.2958984375 0.0140625 0.033203125
0 0.9921875 0.4521484375 0.0125 0.044921875
0 0.975 0.986328125 0.015625 0.0234375