0 0.2234375 0.111328125 0.0125 0.0390625
0 0.16953125 0.29296875 0.0140625 0.03515625
0 0.0671875 0.2744140625 0.0125 0.037109375
0 0.01640625 0.2841796875 0.0140625 0.037109375
0 0.2921875 0.38671875 0.0125 0.0390625
0 0.315625 0.365234375 0.0125 0.0390625
0 0.47109375 0.3330078125 0.0140625 0.037109375
0 0.40078125 0.408203125 0.0109375 0.0390625
4 0.4484375 0.482421875 0.028125 0.046875
0 0.159375 0.98828125 0.01875 0.0234375
0 0.70625 0.8759765625 0.015625 0.052734375
0 0.75234375 0.7021484375 0.0171875 0.041015625
0 0.9359375 0.619140625 0.0125 0.0390625
0 0.9234375 0.646484375 0.0125 0.0546875
0 0.60390625 0.53125 0.0171875 0.0390625
0 0.6640625 0.033203125 0.0125 0.03515625
0 0.646875 0.02734375 0.015625 0.04296875
0 0.85 0.0166015625 0.015625 0.033203125
0 0.90625 0.0146484375 0.0125 0.029296875
0 0.86875 0.0107421875 0.009375 0.021484375
0 0.94375 0.0048828125 0.009375 0.009765625
4 0.71328125 0.0263671875 0.0328125 0.052734375
4 0.53046875 0.1015625 0.0921875 0.08984375
0 0.76171875 0.1611328125 0.0109375 0.037109375
0 0.83515625 0.1552734375 0.0171875 0.037109375