4 0.6984375 0.02734375 0.053125 0.046875
0 0.928125 0.009765625 0.0125 0.01953125
0 0.69140625 0.7314453125 0.0109375 0.037109375
0 0.70234375 0.7275390625 0.0109375 0.033203125
0 0.71171875 0.724609375 0.0140625 0.03515625
0 0.78203125 0.9501953125 0.0171875 0.041015625
0 0.63984375 0.9443359375 0.0203125 0.044921875
0 0.43671875 0.9453125 0.0171875 0.04296875
0 0.5109375 0.75 0.0125 0.03515625
0 0.52265625 0.6962890625 0.0140625 0.037109375
0 0.590625 0.666015625 0.0125 0.03515625
0 0.60234375 0.4599609375 0.0140625 0.033203125
0 0.565625 0.4580078125 0.015625 0.037109375
0 0.43046875 0.3994140625 0.0109375 0.029296875
0 0.42421875 0.486328125 0.0140625 0.0390625
0 0.44609375 0.5361328125 0.0140625 0.037109375
0 0.33359375 0.2802734375 0.0140625 0.044921875
0 0.27890625 0.1220703125 0.0109375 0.037109375
0 0.17734375 0.251953125 0.0140625 0.03125
0 0.1109375 0.216796875 0.01875 0.03515625
0 0.0328125 0.171875 0.0125 0.03515625
0 0.70234375 0.5185546875 0.0171875 0.041015625
4 0.578125 0.1025390625 0.08125 0.083984375