2 0.5078125 0.138671875 0.078125 0.08984375
2 0.53671875 0.17578125 0.0859375 0.10546875
2 0.5625 0.212890625 0.096875 0.1171875
2 0.584375 0.2529296875 0.096875 0.119140625
2 0.62109375 0.25390625 0.0453125 0.109375
2 0.64609375 0.279296875 0.0890625 0.109375
2 0.6734375 0.3037109375 0.096875 0.119140625
2 0.71171875 0.3466796875 0.0953125 0.115234375
2 0.73359375 0.3876953125 0.0984375 0.119140625
2 0.75859375 0.4296875 0.1109375 0.13671875
4 0.7375 0.18359375 0.028125 0.0859375
4 0.77421875 0.2763671875 0.0484375 0.060546875
2 0.90234375 0.2626953125 0.0609375 0.095703125
2 0.92890625 0.3017578125 0.0921875 0.123046875
2 0.90234375 0.4326171875 0.0953125 0.119140625
2 0.82890625 0.5458984375 0.1046875 0.130859375
2 0.77109375 0.6455078125 0.1109375 0.123046875
2 0.86796875 0.5869140625 0.0953125 0.119140625
2 0.74140625 0.7548828125 0.0734375 0.123046875
2 0.9140625 0.611328125 0.084375 0.10546875
2 0.85 0.720703125 0.103125 0.12890625
2 0.909375 0.7890625 0.109375 0.13671875
2 0.95078125 0.6376953125 0.0703125 0.126953125
2 0.95 0.4873046875 0.096875 0.126953125
2 0.9765625 0.3779296875 0.04375 0.060546875
2 0.9015625 0.947265625 0.04375 0.09765625