0 0.4078125 0.154296875 0.0125 0.03515625
0 0.40703125 0.3515625 0.0140625 0.0390625
0 0.2984375 0.3173828125 0.0125 0.033203125
0 0.2625 0.2880859375 0.0125 0.037109375
0 0.25078125 0.3603515625 0.0140625 0.037109375
0 0.2375 0.3037109375 0.0125 0.037109375
0 0.26796875 0.4892578125 0.0140625 0.033203125
0 0.3734375 0.6279296875 0.015625 0.044921875
0 0.38046875 0.69921875 0.0140625 0.04296875
0 0.25 0.8935546875 0.015625 0.041015625
0 0.2203125 0.90625 0.015625 0.04296875
0 0.91171875 0.0703125 0.0140625 0.03515625