0 0.34296875 0.1923828125 0.0109375 0.033203125
0 0.24140625 0.40234375 0.0109375 0.03125
0 0.22578125 0.4208984375 0.0109375 0.033203125
0 0.2515625 0.4482421875 0.0125 0.033203125
0 0.26171875 0.5947265625 0.0140625 0.037109375
0 0.25 0.6650390625 0.015625 0.037109375
0 0.38515625 0.578125 0.0171875 0.0390625
0 0.36640625 0.8828125 0.0140625 0.0390625
0 0.38359375 0.90234375 0.0109375 0.03515625
0 0.2109375 0.99609375 0.009375 0.0078125
0 0.99609375 0.3251953125 0.0078125 0.029296875
0 0.64296875 0.10546875 0.0140625 0.03515625
0 0.71953125 0.08203125 0.0109375 0.03125