0 0.2953125 0.16796875 0.0125 0.03515625
0 0.3015625 0.208984375 0.0125 0.03515625
0 0.365625 0.181640625 0.015625 0.03515625
0 0.5734375 0.0771484375 0.0125 0.033203125
0 0.59609375 0.1298828125 0.0140625 0.033203125
0 0.1875 0.8671875 0.015625 0.04296875
0 0.6953125 0.103515625 0.0125 0.0390625
0 0.96953125 0.1103515625 0.0109375 0.033203125
0 0.84921875 0.3232421875 0.0140625 0.041015625
0 0.8296875 0.34765625 0.0125 0.0390625
0 0.84140625 0.4033203125 0.0140625 0.037109375
0 0.10390625 0.6689453125 0.0140625 0.044921875