2 0.20546875 0.40625 0.0734375 0.09375
2 0.6828125 0.55859375 0.046875 0.0546875
2 0.703125 0.572265625 0.046875 0.0546875
2 0.7234375 0.59375 0.046875 0.0546875
2 0.7234375 0.630859375 0.0625 0.08203125
2 0.784375 0.6484375 0.05625 0.0625
2 0.80625 0.6767578125 0.0625 0.068359375
2 0.81953125 0.7021484375 0.0640625 0.052734375
2 0.834375 0.7294921875 0.059375 0.068359375
2 0.871875 0.77734375 0.06875 0.07421875
2 0.83125 0.826171875 0.065625 0.06640625
2 0.8 0.8876953125 0.05625 0.080078125
2 0.88046875 0.873046875 0.0703125 0.0859375
2 0.91953125 0.908203125 0.0765625 0.08984375
2 0.95703125 0.837890625 0.0484375 0.0625
2 0.90390625 0.978515625 0.0453125 0.0390625
2 0.3515625 0.107421875 0.05 0.05859375
2 0.51796875 0.373046875 0.0390625 0.06640625
2 0.46484375 0.3603515625 0.0609375 0.083984375
2 0.43671875 0.3212890625 0.0609375 0.076171875
2 0.39296875 0.3212890625 0.0515625 0.076171875
2 0.39921875 0.265625 0.0234375 0.046875
2 0.34375 0.2939453125 0.021875 0.052734375
2 0.3765625 0.267578125 0.03125 0.05859375
2 0.42734375 0.2548828125 0.0265625 0.037109375
1 0.12421875 0.7138671875 0.1609375 0.177734375
1 0.2109375 0.8115234375 0.190625 0.216796875
1 0.0625 0.943359375 0.125 0.109375
1 0.36328125 0.96484375 0.1453125 0.06640625