0 0.50234375 0.0234375 0.0265625 0.0390625
0 0.6703125 0.0400390625 0.021875 0.041015625
0 0.6421875 0.076171875 0.046875 0.04296875
0 0.66640625 0.1083984375 0.0359375 0.048828125
0 0.75 0.1689453125 0.046875 0.041015625
0 0.72890625 0.2822265625 0.0296875 0.033203125
0 0.67734375 0.255859375 0.0265625 0.04296875
0 0.68046875 0.310546875 0.0203125 0.0390625
0 0.965625 0.314453125 0.025 0.03515625
0 0.1078125 0.328125 0.034375 0.0390625
0 0.12578125 0.4609375 0.0265625 0.03125
0 0.053125 0.5751953125 0.034375 0.044921875
0 0.15625 0.552734375 0.025 0.03125
0 0.1890625 0.5537109375 0.028125 0.033203125
0 0.2078125 0.6015625 0.025 0.04296875
0 0.3015625 0.5673828125 0.015625 0.025390625
0 0.3875 0.615234375 0.028125 0.03125
0 0.27890625 0.666015625 0.0203125 0.046875
0 0.25703125 0.6591796875 0.0234375 0.033203125
0 0.196875 0.71875 0.028125 0.03125
0 0.1609375 0.7353515625 0.01875 0.029296875
0 0.36875 0.8427734375 0.03125 0.033203125
0 0.50546875 0.873046875 0.0265625 0.02734375