0 0.228125 0.1162109375 0.0125 0.037109375
0 0.146875 0.2841796875 0.0125 0.037109375
0 0.2578125 0.35546875 0.015625 0.0390625
0 0.2953125 0.3544921875 0.0125 0.037109375
0 0.46796875 0.337890625 0.0109375 0.0390625
0 0.39921875 0.4150390625 0.0109375 0.029296875
0 0.41953125 0.4736328125 0.0109375 0.033203125
0 0.4296875 0.4716796875 0.009375 0.033203125
0 0.43828125 0.46875 0.0109375 0.03515625
0 0.67421875 0.845703125 0.0171875 0.05078125
0 0.7640625 0.728515625 0.015625 0.04296875
0 0.89140625 0.6474609375 0.0140625 0.033203125
0 0.9640625 0.623046875 0.015625 0.0390625
0 0.615625 0.548828125 0.015625 0.0390625
4 0.52421875 0.1123046875 0.0734375 0.072265625
0 0.64375 0.033203125 0.009375 0.03515625
0 0.6546875 0.0478515625 0.0125 0.025390625
0 0.659375 0.0341796875 0.0125 0.029296875
0 0.7078125 0.025390625 0.0125 0.03515625
0 0.7359375 0.0439453125 0.0125 0.033203125
0 0.84765625 0.021484375 0.0140625 0.0390625
0 0.8625 0.0078125 0.0125 0.015625
0 0.8890625 0.0126953125 0.015625 0.025390625
0 0.75234375 0.052734375 0.0140625 0.02734375
4 0.815625 0.181640625 0.0875 0.0859375