1 0.11015625 0.1025390625 0.0609375 0.076171875
1 0.34375 0.03515625 0.05625 0.0703125
1 0.66015625 0.3310546875 0.0671875 0.048828125
1 0.2953125 0.578125 0.075 0.0703125
1 0.3234375 0.5224609375 0.075 0.064453125
1 0.346875 0.5009765625 0.075 0.064453125
1 0.375 0.4619140625 0.075 0.064453125
1 0.384375 0.4326171875 0.059375 0.052734375
1 0.40625 0.419921875 0.075 0.05859375
1 0.41953125 0.3994140625 0.0828125 0.060546875
1 0.43046875 0.3798828125 0.0546875 0.048828125
1 0.4578125 0.3642578125 0.075 0.056640625
1 0.49296875 0.3310546875 0.0546875 0.052734375
1 0.521875 0.3134765625 0.071875 0.056640625
1 0.540625 0.2939453125 0.059375 0.048828125
1 0.75859375 0.2861328125 0.0609375 0.056640625
1 0.7890625 0.2978515625 0.059375 0.064453125
1 0.81484375 0.3134765625 0.0609375 0.064453125
1 0.84765625 0.3271484375 0.0671875 0.072265625
1 0.88359375 0.33984375 0.0671875 0.0703125
1 0.9109375 0.353515625 0.0625 0.06640625
1 0.9453125 0.3701171875 0.059375 0.072265625
1 0.978125 0.388671875 0.040625 0.0625