1 0.36796875 0.544921875 0.1671875 0.1484375
1 0.609375 0.59765625 0.146875 0.14453125
1 0.6859375 0.693359375 0.171875 0.18359375
1 0.53515625 0.7919921875 0.1546875 0.146484375
1 0.103125 0.908203125 0.196875 0.17578125
1 0.81796875 0.869140625 0.1671875 0.15625
1 0.625 0.9150390625 0.178125 0.166015625
2 0.890625 0.9638671875 0.134375 0.068359375
2 0.9625 0.3212890625 0.04375 0.041015625
2 0.93203125 0.2861328125 0.0515625 0.044921875
2 0.89921875 0.28515625 0.0515625 0.05078125
2 0.86953125 0.236328125 0.0328125 0.03125
2 0.85546875 0.26171875 0.0359375 0.03125
2 0.93515625 0.2353515625 0.0421875 0.037109375
2 0.9046875 0.244140625 0.025 0.015625
2 0.90859375 0.23046875 0.0328125 0.0234375
2 0.87265625 0.0859375 0.0453125 0.06640625