0 0.6640625 0.28515625 0.04375 0.0546875
0 0.4734375 0.30859375 0.025 0.04296875
0 0.6203125 0.33984375 0.034375 0.03515625
0 0.49765625 0.3876953125 0.0234375 0.041015625
0 0.4640625 0.515625 0.04375 0.06640625
0 0.50390625 0.52734375 0.0234375 0.03515625
0 0.078125 0.794921875 0.028125 0.02734375
0 0.103125 0.9814453125 0.040625 0.021484375
0 0.6609375 0.6162109375 0.03125 0.037109375
0 0.5890625 0.4990234375 0.034375 0.052734375
0 0.6109375 0.509765625 0.03125 0.04296875
0 0.715625 0.71875 0.0375 0.03515625
0 0.53046875 0.7265625 0.0171875 0.03125
0 0.57109375 0.7353515625 0.0234375 0.033203125
0 0.61171875 0.8720703125 0.0390625 0.044921875
0 0.67109375 0.921875 0.0234375 0.03515625