0 0.62890625 0.345703125 0.0265625 0.03515625
0 0.009375 0.0380859375 0.01875 0.041015625
0 0.121875 0.546875 0.0375 0.04296875
0 0.6609375 0.50390625 0.025 0.04296875
0 0.071875 0.6318359375 0.025 0.044921875
0 0.02578125 0.6416015625 0.0234375 0.033203125
0 0.04140625 0.6845703125 0.0328125 0.044921875
0 0.06328125 0.6708984375 0.0265625 0.037109375
0 0.09375 0.6796875 0.025 0.0390625
0 0.11171875 0.69140625 0.0234375 0.0390625
0 0.1421875 0.8544921875 0.025 0.052734375
0 0.12421875 0.8857421875 0.0390625 0.056640625
0 0.0953125 0.8896484375 0.025 0.033203125
0 0.05625 0.8310546875 0.03125 0.037109375
0 0.0265625 0.830078125 0.028125 0.03125
0 0.02890625 0.919921875 0.0265625 0.02734375
0 0.7671875 0.5439453125 0.01875 0.037109375
0 0.78671875 0.5234375 0.0234375 0.03125
0 0.75390625 0.58203125 0.0171875 0.0390625
0 0.66796875 0.6123046875 0.0296875 0.033203125
0 0.48828125 0.6806640625 0.0265625 0.033203125
0 0.53046875 0.70703125 0.0578125 0.03125
0 0.825 0.744140625 0.03125 0.0390625
0 0.67421875 0.8056640625 0.0234375 0.025390625
0 0.7125 0.826171875 0.021875 0.03125
0 0.82421875 0.8359375 0.0265625 0.03515625
0 0.7859375 0.8603515625 0.034375 0.025390625
0 0.615625 0.9794921875 0.046875 0.029296875