2 0.16171875 0.107421875 0.0453125 0.06640625
2 0.18515625 0.119140625 0.0484375 0.07421875
2 0.20625 0.13671875 0.05625 0.08203125
2 0.22890625 0.158203125 0.0640625 0.09765625
2 0.2625 0.16796875 0.059375 0.08984375
2 0.2875 0.177734375 0.06875 0.0859375
2 0.315625 0.1953125 0.071875 0.08984375
2 0.33203125 0.2197265625 0.0703125 0.087890625
2 0.34921875 0.2451171875 0.0640625 0.080078125
2 0.44375 0.15234375 0.0375 0.05859375
2 0.46796875 0.1669921875 0.0515625 0.091796875
2 0.45546875 0.2314453125 0.0578125 0.080078125
2 0.49453125 0.25 0.0703125 0.08984375
2 0.521875 0.1875 0.06875 0.078125
2 0.403125 0.2900390625 0.06875 0.091796875
2 0.43203125 0.322265625 0.0609375 0.0859375
2 0.49453125 0.345703125 0.0609375 0.08203125
2 0.46875 0.3310546875 0.05625 0.076171875
2 0.3640625 0.359375 0.071875 0.078125
2 0.425 0.3935546875 0.06875 0.091796875
2 0.4765625 0.4267578125 0.075 0.099609375
2 0.34921875 0.4296875 0.0421875 0.0859375
2 0.47578125 0.521484375 0.0484375 0.09375
2 0.53359375 0.5439453125 0.0296875 0.083984375
2 0.58359375 0.607421875 0.0640625 0.078125
2 0.6546875 0.673828125 0.06875 0.09375
2 0.71640625 0.7080078125 0.0671875 0.095703125
2 0.7546875 0.7275390625 0.028125 0.083984375
2 0.84609375 0.783203125 0.0765625 0.0625
2 0.925 0.8447265625 0.078125 0.107421875
2 0.6265625 0.2646484375 0.059375 0.072265625
2 0.6125 0.2373046875 0.053125 0.068359375
2 0.59921875 0.2265625 0.0578125 0.07421875
1 0.140625 0.8515625 0.16875 0.21875
1 0.04765625 0.7607421875 0.0953125 0.146484375
1 0.2625 0.94140625 0.159375 0.11328125