0 0.4125 0.328125 0.028125 0.04296875
0 0.35 0.38671875 0.03125 0.046875
0 0.3875 0.4384765625 0.01875 0.037109375
0 0.4046875 0.44921875 0.040625 0.0546875
0 0.27890625 0.4912109375 0.0421875 0.072265625
0 0.37109375 0.5869140625 0.0296875 0.056640625
0 0.2265625 0.669921875 0.028125 0.02734375
0 0.2640625 0.6943359375 0.028125 0.037109375
0 0.3359375 0.75 0.021875 0.02734375
0 0.24765625 0.7568359375 0.0296875 0.048828125
0 0.2875 0.7734375 0.0375 0.0390625
0 0.18125 0.7734375 0.021875 0.03125
0 0.13203125 0.8359375 0.0234375 0.03515625
0 0.2484375 0.8984375 0.021875 0.03515625
0 0.27421875 0.8330078125 0.0234375 0.029296875
0 0.31171875 0.8984375 0.0296875 0.03125
0 0.40234375 0.861328125 0.0359375 0.04296875
0 0.096875 0.97265625 0.034375 0.0234375
0 0.1671875 0.98828125 0.021875 0.01953125
0 0.48125 0.0107421875 0.015625 0.021484375
0 0.95703125 0.1669921875 0.0265625 0.041015625
0 0.940625 0.4951171875 0.025 0.048828125
0 0.93671875 0.6455078125 0.0390625 0.056640625
0 0.76640625 0.69140625 0.0265625 0.03515625
0 0.89921875 0.8408203125 0.0265625 0.041015625
0 0.83515625 0.98828125 0.0234375 0.01953125