1 0.05078125 0.607421875 0.1015625 0.1796875
2 0.69296875 0.1708984375 0.0734375 0.076171875
2 0.71796875 0.20703125 0.0890625 0.09375
2 0.74140625 0.2529296875 0.1046875 0.107421875
2 0.74921875 0.2998046875 0.0984375 0.123046875
2 0.7859375 0.3076171875 0.075 0.103515625
2 0.80625 0.333984375 0.090625 0.09375
2 0.83515625 0.3671875 0.1015625 0.1015625
2 0.871875 0.4072265625 0.11875 0.126953125
2 0.87890625 0.4638671875 0.1046875 0.111328125
2 0.89765625 0.51171875 0.1234375 0.12890625
2 0.875 0.72265625 0.11875 0.11328125
2 0.946875 0.6474609375 0.103125 0.123046875
2 0.825 0.8291015625 0.090625 0.119140625
2 0.94296875 0.8203125 0.1078125 0.12109375
2 0.97578125 0.9267578125 0.0453125 0.064453125
2 0.9703125 0.6943359375 0.05625 0.068359375