0 0.228125 0.1162109375 0.0125 0.037109375
0 0.134375 0.2802734375 0.01875 0.037109375
0 0.23828125 0.33984375 0.0140625 0.0390625
0 0.2859375 0.3447265625 0.0125 0.037109375
0 0.4671875 0.33984375 0.009375 0.03515625
0 0.43125 0.4599609375 0.0125 0.037109375
0 0.41015625 0.4716796875 0.0109375 0.041015625
0 0.41953125 0.4658203125 0.0109375 0.037109375
0 0.73671875 0.98828125 0.0171875 0.0234375
0 0.7703125 0.7392578125 0.015625 0.041015625
0 0.659375 0.82421875 0.015625 0.046875
0 0.98203125 0.62109375 0.0140625 0.0390625
0 0.61796875 0.5556640625 0.0171875 0.041015625
4 0.52109375 0.1083984375 0.0796875 0.080078125
0 0.64453125 0.0341796875 0.0109375 0.037109375
0 0.64921875 0.056640625 0.0109375 0.03125
0 0.6625 0.0380859375 0.015625 0.033203125
0 0.7 0.029296875 0.0125 0.03515625
0 0.73046875 0.0478515625 0.0140625 0.033203125
0 0.7578125 0.060546875 0.0125 0.02734375
0 0.846875 0.0205078125 0.0125 0.029296875
0 0.86171875 0.0078125 0.0140625 0.015625
0 0.88359375 0.01171875 0.0140625 0.0234375
0 0.9140625 0.0087890625 0.0125 0.017578125
4 0.80625 0.1787109375 0.078125 0.072265625