1 0.03125 0.7236328125 0.0625 0.138671875
1 0.1015625 0.47265625 0.203125 0.28515625
1 0.36015625 0.6748046875 0.1984375 0.275390625
1 0.51484375 0.7919921875 0.1703125 0.220703125
1 0.16953125 0.8828125 0.1765625 0.23046875
1 0.66015625 0.888671875 0.1546875 0.21875
2 0.96875 0.439453125 0.04375 0.1015625
2 0.8078125 0.3271484375 0.0375 0.095703125
2 0.9515625 0.31640625 0.078125 0.10546875
2 0.89375 0.2802734375 0.08125 0.119140625
2 0.8171875 0.2314453125 0.09375 0.103515625
2 0.85078125 0.1533203125 0.0859375 0.111328125
2 0.89140625 0.1787109375 0.0734375 0.107421875
2 0.93203125 0.1865234375 0.0703125 0.103515625
2 0.9640625 0.201171875 0.05 0.10546875
2 0.94609375 0.0888671875 0.0953125 0.126953125
2 0.8953125 0.0615234375 0.0875 0.119140625
2 0.96015625 0.017578125 0.0484375 0.03515625
2 0.7828125 0.087890625 0.084375 0.12109375
2 0.75625 0.064453125 0.06875 0.10546875
2 0.73828125 0.0419921875 0.0546875 0.083984375
2 0.6953125 0.02734375 0.0375 0.0546875
2 0.665625 0.01953125 0.0375 0.0390625
2 0.615625 0.0224609375 0.025 0.044921875