0 0.01875 0.1328125 0.021875 0.03125
0 0.25390625 0.4453125 0.0171875 0.03515625
0 0.2484375 0.515625 0.015625 0.03515625
0 0.2078125 0.48828125 0.015625 0.0390625
0 0.94140625 0.9755859375 0.0203125 0.037109375
0 0.86015625 0.55078125 0.0140625 0.0390625
0 0.96015625 0.5537109375 0.0171875 0.041015625
0 0.98125 0.4482421875 0.009375 0.033203125
0 0.871875 0.337890625 0.0125 0.03515625
0 0.81484375 0.2421875 0.0109375 0.03125
0 0.840625 0.2314453125 0.0125 0.037109375
0 0.65234375 0.234375 0.0171875 0.03515625
0 0.54375 0.2587890625 0.021875 0.052734375
0 0.93203125 0.076171875 0.0109375 0.02734375
0 0.97421875 0.3154296875 0.0140625 0.041015625