0 0.871875 0.0322265625 0.0125 0.033203125
0 0.84921875 0.0322265625 0.0203125 0.033203125
0 0.82890625 0.0302734375 0.0140625 0.037109375
0 0.66875 0.373046875 0.0125 0.03515625
0 0.74921875 0.48046875 0.0140625 0.0390625
0 0.72734375 0.4931640625 0.0140625 0.037109375
0 0.57890625 0.3974609375 0.0109375 0.033203125
0 0.52265625 0.4326171875 0.0140625 0.037109375
0 0.55234375 0.50390625 0.0140625 0.0390625
0 0.58359375 0.5966796875 0.0140625 0.041015625
0 0.6859375 0.6240234375 0.015625 0.041015625
0 0.81953125 0.705078125 0.0109375 0.03515625
0 0.809375 0.7021484375 0.009375 0.033203125
0 0.8015625 0.70703125 0.009375 0.0390625
0 0.59609375 0.6796875 0.0140625 0.0390625
0 0.7 0.84375 0.015625 0.0390625
0 0.853125 0.8720703125 0.0125 0.037109375
0 0.32421875 0.90234375 0.0234375 0.04296875
0 0.4515625 0.2451171875 0.009375 0.033203125
0 0.440625 0.228515625 0.009375 0.03515625
0 0.42109375 0.1162109375 0.0109375 0.033203125
0 0.253125 0.216796875 0.0125 0.03125
0 0.13515625 0.1728515625 0.0171875 0.029296875
0 0.08125 0.142578125 0.0125 0.03125
0 0.840625 0.55078125 0.015625 0.04296875
4 0.71796875 0.10546875 0.0765625 0.08203125