0 0.28671875 0.123046875 0.0203125 0.03515625
0 0.27265625 0.462890625 0.0171875 0.03125
0 0.28671875 0.482421875 0.0171875 0.03125
0 0.30546875 0.486328125 0.0140625 0.02734375
0 0.99375 0.6962890625 0.0125 0.048828125
0 0.9828125 0.4306640625 0.0125 0.044921875
0 0.98203125 0.2939453125 0.0140625 0.041015625
0 0.91171875 0.3125 0.0140625 0.03125
0 0.90703125 0.2841796875 0.0140625 0.033203125
0 0.7671875 0.271484375 0.015625 0.03515625
0 0.703125 0.3134765625 0.015625 0.041015625
0 0.63828125 0.29296875 0.0140625 0.03515625
0 0.971875 0.986328125 0.015625 0.02734375