1 0.15546875 0.595703125 0.1609375 0.16796875
1 0.23203125 0.681640625 0.1765625 0.1796875
1 0.3671875 0.833984375 0.165625 0.17578125
1 0.4546875 0.9267578125 0.1375 0.142578125
1 0.0875 0.7958984375 0.15625 0.166015625
1 0.19453125 0.908203125 0.1765625 0.1796875
1 0.55546875 0.9814453125 0.0828125 0.033203125
2 0.44375 0.2548828125 0.04375 0.037109375
2 0.4671875 0.28515625 0.04375 0.04296875
2 0.5140625 0.2998046875 0.040625 0.037109375
2 0.4015625 0.2529296875 0.040625 0.044921875
2 0.3671875 0.232421875 0.034375 0.02734375
2 0.37421875 0.203125 0.0265625 0.0234375
2 0.4109375 0.2158203125 0.028125 0.021484375
2 0.440625 0.201171875 0.03125 0.02734375
2 0.3625 0.056640625 0.040625 0.05078125
2 0.6875 0.4736328125 0.053125 0.052734375
2 0.703125 0.494140625 0.05625 0.06640625
2 0.75859375 0.529296875 0.0453125 0.046875
2 0.790625 0.5546875 0.0625 0.046875
2 0.80234375 0.583984375 0.0578125 0.0390625
2 0.8046875 0.611328125 0.040625 0.03515625
2 0.80703125 0.685546875 0.0578125 0.05859375
2 0.84765625 0.6416015625 0.0578125 0.064453125
2 0.85546875 0.728515625 0.0640625 0.078125
2 0.89296875 0.7626953125 0.0640625 0.064453125
2 0.87578125 0.6669921875 0.0453125 0.056640625
2 0.89921875 0.6865234375 0.0453125 0.056640625
2 0.925 0.701171875 0.05 0.0625
2 0.87734375 0.8349609375 0.0515625 0.083984375
2 0.9265625 0.8671875 0.03125 0.078125
2 0.9640625 0.927734375 0.0625 0.08203125