1 0.29609375 0.3544921875 0.1078125 0.197265625
1 0.22578125 0.3955078125 0.1078125 0.197265625
1 0.146875 0.42578125 0.1125 0.203125
1 0.01796875 0.509765625 0.0359375 0.171875
1 0.0734375 0.4580078125 0.1 0.189453125
1 0.41875 0.294921875 0.109375 0.1953125
1 0.490625 0.2578125 0.109375 0.1953125
1 0.5640625 0.2265625 0.1125 0.19921875
1 0.6265625 0.203125 0.1125 0.1875
1 0.6953125 0.1796875 0.121875 0.203125
1 0.76328125 0.1357421875 0.1140625 0.193359375
1 0.8390625 0.1123046875 0.115625 0.193359375
1 0.90859375 0.09375 0.1109375 0.1875
1 0.96953125 0.0673828125 0.0578125 0.134765625