0 0.2140625 0.55078125 0.025 0.0390625
0 0.17734375 0.0107421875 0.0328125 0.021484375
0 0.184375 0.6748046875 0.03125 0.033203125
0 0.02734375 0.5673828125 0.0359375 0.044921875
0 0.06640625 0.6181640625 0.0234375 0.033203125
0 0.08984375 0.666015625 0.0296875 0.05859375
0 0.06015625 0.6708984375 0.0390625 0.052734375
0 0.0875 0.80078125 0.01875 0.03125
0 0.125 0.810546875 0.025 0.0390625
0 0.06640625 0.9091796875 0.0421875 0.033203125
0 0.20625 0.8349609375 0.025 0.033203125
0 0.11953125 0.87890625 0.0296875 0.0625
0 0.16484375 0.8818359375 0.0296875 0.041015625
0 0.725 0.451171875 0.025 0.05078125
0 0.725 0.595703125 0.01875 0.04296875
0 0.67265625 0.6865234375 0.0359375 0.033203125
0 0.81328125 0.533203125 0.0234375 0.03515625
0 0.8421875 0.5517578125 0.01875 0.033203125
0 0.79453125 0.59765625 0.0296875 0.0546875
0 0.82578125 0.65625 0.0296875 0.05859375
0 0.89140625 0.806640625 0.0265625 0.046875
0 0.740625 0.8515625 0.025 0.02734375
0 0.75546875 0.8720703125 0.0171875 0.021484375
0 0.82109375 0.89453125 0.0296875 0.0390625
0 0.83359375 0.9248046875 0.0296875 0.037109375