0 0.35234375 0.1884765625 0.0109375 0.033203125
0 0.2421875 0.388671875 0.009375 0.03125
0 0.23125 0.4013671875 0.0125 0.033203125
0 0.25078125 0.4365234375 0.0140625 0.037109375
0 0.384375 0.5458984375 0.0125 0.037109375
0 0.26171875 0.5576171875 0.0140625 0.037109375
0 0.25078125 0.640625 0.0140625 0.03515625
0 0.36875 0.8427734375 0.015625 0.041015625
0 0.38359375 0.873046875 0.0140625 0.03515625
0 0.215625 0.990234375 0.015625 0.01953125
0 0.996875 0.3271484375 0.00625 0.029296875
0 0.76171875 0.0771484375 0.0140625 0.033203125
0 0.6765625 0.0966796875 0.0125 0.033203125