0 0.07890625 0.6806640625 0.0140625 0.048828125
0 0.1625 0.908203125 0.015625 0.04296875
0 0.25625 0.2265625 0.0125 0.03515625
0 0.2484375 0.185546875 0.0125 0.03515625
0 0.315625 0.203125 0.015625 0.03515625
0 0.52734375 0.0849609375 0.0140625 0.037109375
0 0.53515625 0.1396484375 0.0140625 0.033203125
0 0.6359375 0.107421875 0.015625 0.03515625
0 0.909375 0.109375 0.01875 0.03125
0 0.81640625 0.3603515625 0.0140625 0.037109375
0 0.8265625 0.3330078125 0.0125 0.037109375
0 0.83046875 0.4189453125 0.0140625 0.041015625