1 0.66484375 0.794921875 0.1515625 0.34375
1 0.46796875 0.8349609375 0.1296875 0.287109375
1 0.278125 0.8193359375 0.115625 0.287109375
1 0.0703125 0.880859375 0.109375 0.23046875
2 0.240625 0.1103515625 0.05 0.111328125
2 0.45078125 0.091796875 0.0765625 0.1328125
2 0.19140625 0.033203125 0.0390625 0.06640625
2 0.29140625 0.0263671875 0.0296875 0.052734375
2 0.37265625 0.01953125 0.0296875 0.0390625
2 0.52734375 0.05859375 0.0953125 0.11328125
2 0.63359375 0.0791015625 0.0984375 0.064453125
2 0.75234375 0.0810546875 0.1015625 0.083984375
2 0.85078125 0.06640625 0.1234375 0.12109375
2 0.90546875 0.052734375 0.0828125 0.08984375