0 0.9140625 0.01171875 0.0125 0.0234375
0 0.8828125 0.1650390625 0.0125 0.029296875
0 0.84453125 0.140625 0.0140625 0.0390625
0 0.721875 0.029296875 0.0125 0.03515625
0 0.7015625 0.04296875 0.015625 0.0390625
0 0.70859375 0.02734375 0.0109375 0.03125
0 0.67265625 0.0302734375 0.0109375 0.033203125
0 0.65 0.0302734375 0.0125 0.029296875
0 0.48671875 0.0625 0.0171875 0.04296875
0 0.51875 0.3759765625 0.0125 0.033203125
0 0.54296875 0.44921875 0.0140625 0.0390625
0 0.5828125 0.458984375 0.015625 0.0390625
0 0.41640625 0.4013671875 0.0109375 0.033203125
0 0.425 0.5087890625 0.0125 0.041015625
0 0.44375 0.548828125 0.015625 0.0390625
0 0.5890625 0.6865234375 0.0125 0.041015625
0 0.53515625 0.7333984375 0.0109375 0.037109375
0 0.709375 0.736328125 0.0125 0.0390625
0 0.69765625 0.7392578125 0.0109375 0.037109375
0 0.68828125 0.744140625 0.0109375 0.04296875
0 0.51796875 0.7763671875 0.0109375 0.044921875
0 0.790625 0.9775390625 0.015625 0.044921875
0 0.990625 0.8828125 0.015625 0.046875
0 0.6546875 0.982421875 0.015625 0.03515625
0 0.4296875 0.9482421875 0.015625 0.044921875
0 0.2640625 0.125 0.0125 0.03515625
0 0.18515625 0.265625 0.0140625 0.0390625
0 0.13046875 0.2294921875 0.0140625 0.037109375
0 0.053125 0.1787109375 0.0125 0.037109375
0 0.3265625 0.2978515625 0.015625 0.041015625
0 0.68828125 0.515625 0.0140625 0.0390625
4 0.5625 0.1015625 0.08125 0.08203125