1 0.146875 0.51953125 0.178125 0.16796875
1 0.025 0.5712890625 0.05 0.091796875
1 0.3875 0.2216796875 0.159375 0.150390625
1 0.61328125 0.2607421875 0.1296875 0.115234375
1 0.53828125 0.42578125 0.1359375 0.140625
1 0.684375 0.34765625 0.1625 0.16015625
1 0.6203125 0.533203125 0.16875 0.16015625
1 0.7921875 0.501953125 0.165625 0.1484375
1 0.85390625 0.583984375 0.1234375 0.1171875
1 0.92109375 0.671875 0.1546875 0.140625
1 0.959375 0.7783203125 0.078125 0.107421875
2 0.9421875 0.0341796875 0.05 0.060546875
2 0.88125 0.0107421875 0.025 0.021484375
2 0.91796875 0.01171875 0.0421875 0.0234375
2 0.9734375 0.0205078125 0.028125 0.041015625