0 0.5984375 0.353515625 0.015625 0.03125
0 0.5984375 0.3857421875 0.03125 0.037109375
0 0.6015625 0.42578125 0.028125 0.03125
0 0.62890625 0.509765625 0.0296875 0.03125
0 0.07421875 0.958984375 0.0265625 0.03125
0 0.01875 0.962890625 0.034375 0.02734375
0 0.5453125 0.3974609375 0.025 0.037109375
0 0.49375 0.5517578125 0.01875 0.029296875
0 0.63515625 0.58203125 0.0390625 0.046875
0 0.60546875 0.5732421875 0.0234375 0.044921875
0 0.6828125 0.623046875 0.04375 0.0390625
0 0.725 0.73046875 0.028125 0.03125
0 0.57890625 0.736328125 0.0265625 0.02734375
0 0.5265625 0.7275390625 0.028125 0.029296875