0 0.55078125 0.33984375 0.0328125 0.03125
0 0.50703125 0.4140625 0.0296875 0.03125
0 0.34375 0.431640625 0.01875 0.03515625
0 0.4640625 0.4970703125 0.040625 0.052734375
0 0.425 0.5400390625 0.028125 0.041015625
0 0.32265625 0.52734375 0.0390625 0.0546875
0 0.33203125 0.60546875 0.0265625 0.03515625
0 0.58046875 0.576171875 0.0359375 0.03125
0 0.64453125 0.6728515625 0.0265625 0.037109375
0 0.5 0.70703125 0.025 0.02734375
0 0.459375 0.701171875 0.021875 0.02734375
0 0.98671875 0.232421875 0.0234375 0.0390625
0 0.61171875 0.80859375 0.0359375 0.03125
0 0.621875 0.8525390625 0.025 0.052734375