1 0.23515625 0.9775390625 0.1265625 0.037109375
1 0.25703125 0.9130859375 0.1578125 0.103515625
1 0.2625 0.8203125 0.153125 0.09375
1 0.2765625 0.734375 0.153125 0.09765625
1 0.28515625 0.6396484375 0.1546875 0.111328125
1 0.3359375 0.4609375 0.159375 0.1171875
1 0.35 0.373046875 0.159375 0.109375
1 0.3625 0.2890625 0.153125 0.10546875
1 0.62890625 0.2900390625 0.1546875 0.123046875
1 0.7765625 0.076171875 0.090625 0.15234375
1 0.84921875 0.095703125 0.1109375 0.19140625
1 0.91953125 0.1318359375 0.1265625 0.201171875
1 0.97265625 0.1650390625 0.0515625 0.189453125