0 0.24765625 0.1123046875 0.0140625 0.037109375
0 0.21640625 0.306640625 0.0140625 0.03515625
0 0.15390625 0.3017578125 0.0171875 0.037109375
0 0.09609375 0.3017578125 0.0171875 0.033203125
0 0.35625 0.3837890625 0.015625 0.033203125
0 0.3453125 0.421875 0.015625 0.03515625
0 0.42421875 0.40625 0.0140625 0.02734375
0 0.203125 0.9560546875 0.015625 0.044921875
0 0.75859375 0.9140625 0.0171875 0.04296875
0 0.75546875 0.681640625 0.0171875 0.0390625
0 0.62109375 0.5205078125 0.0171875 0.037109375
0 0.4859375 0.5009765625 0.0125 0.033203125
0 0.49921875 0.49609375 0.0140625 0.03515625
0 0.92890625 0.62890625 0.0171875 0.046875
0 0.9765625 0.6484375 0.021875 0.05078125
4 0.55390625 0.1025390625 0.0859375 0.083984375
4 0.69609375 0.0263671875 0.0734375 0.052734375
4 0.89609375 0.015625 0.0421875 0.03125
0 0.50390625 0.341796875 0.0109375 0.03515625
4 0.840625 0.15234375 0.109375 0.08984375
0 0.934375 0.0166015625 0.015625 0.033203125
0 0.95703125 0.015625 0.0171875 0.03125