1 0.14921875 0.318359375 0.0703125 0.0546875
1 0.16953125 0.271484375 0.0703125 0.0546875
1 0.19609375 0.25 0.0703125 0.0546875
1 0.21640625 0.21484375 0.0734375 0.0546875
1 0.22890625 0.1982421875 0.0609375 0.048828125
1 0.2484375 0.18359375 0.065625 0.046875
1 0.26484375 0.1689453125 0.0671875 0.044921875
1 0.26953125 0.150390625 0.0515625 0.04296875
1 0.29296875 0.1376953125 0.0640625 0.048828125
1 0.33125 0.1142578125 0.065625 0.056640625
1 0.35078125 0.09375 0.0609375 0.046875
1 0.36953125 0.0810546875 0.0421875 0.037109375
1 0.2109375 0.064453125 0.03125 0.04296875
1 0.47578125 0.107421875 0.0640625 0.03515625
1 0.55625 0.0703125 0.040625 0.05078125
1 0.58828125 0.0771484375 0.0515625 0.056640625
1 0.6109375 0.0908203125 0.053125 0.064453125
1 0.64140625 0.1015625 0.0546875 0.06640625
1 0.675 0.111328125 0.05 0.0625
1 0.7 0.1201171875 0.04375 0.052734375
1 0.7296875 0.1318359375 0.053125 0.064453125
1 0.76328125 0.140625 0.0515625 0.0625
1 0.81484375 0.158203125 0.0515625 0.06640625
1 0.8453125 0.1689453125 0.046875 0.060546875
1 0.8734375 0.1806640625 0.046875 0.060546875
1 0.89921875 0.19140625 0.0484375 0.0625
1 0.928125 0.2041015625 0.053125 0.068359375
1 0.9609375 0.2158203125 0.05 0.064453125
1 0.98359375 0.234375 0.0296875 0.05078125