0 0.43125 0.1259765625 0.028125 0.041015625
0 0.5640625 0.33984375 0.05625 0.0546875
0 0.65 0.359375 0.021875 0.03125
0 0.62890625 0.40234375 0.0328125 0.04296875
0 0.50625 0.4091796875 0.028125 0.041015625
0 0.5265625 0.470703125 0.03125 0.03515625
0 0.565625 0.5419921875 0.0375 0.041015625
0 0.69921875 0.6455078125 0.0328125 0.041015625
0 0.08125 0.7666015625 0.028125 0.041015625
0 0.75078125 0.7529296875 0.0234375 0.041015625
0 0.62265625 0.8583984375 0.0234375 0.060546875
0 0.5640625 0.7431640625 0.021875 0.029296875
0 0.603125 0.7568359375 0.025 0.033203125
0 0.2546875 0.908203125 0.04375 0.02734375
0 0.0890625 0.9736328125 0.046875 0.033203125
0 0.01640625 0.98046875 0.0296875 0.03125
0 0.01171875 0.9228515625 0.0234375 0.029296875