0 0.23046875 0.1669921875 0.0140625 0.033203125
0 0.2484375 0.1708984375 0.0125 0.033203125
0 0.33203125 0.2392578125 0.0140625 0.037109375
0 0.30625 0.2587890625 0.015625 0.037109375
0 0.44609375 0.10546875 0.0109375 0.03515625
0 0.42421875 0.4208984375 0.0140625 0.037109375
0 0.3359375 0.95703125 0.015625 0.0390625
0 0.85 0.6103515625 0.015625 0.041015625
0 0.74296875 0.568359375 0.0109375 0.0390625
0 0.73203125 0.572265625 0.0109375 0.03125
0 0.72265625 0.57421875 0.0109375 0.0390625
0 0.7796875 0.505859375 0.015625 0.03515625
0 0.6484375 0.5712890625 0.015625 0.041015625
0 0.59609375 0.466796875 0.0171875 0.0390625
0 0.49921875 0.4716796875 0.0140625 0.037109375
0 0.47890625 0.3701171875 0.0140625 0.037109375
4 0.73125 0.099609375 0.071875 0.07421875
0 0.91015625 0.033203125 0.0140625 0.03515625
4 0.87421875 0.029296875 0.0546875 0.05859375