0 0.28671875 0.3330078125 0.0265625 0.044921875
0 0.20390625 0.4375 0.0328125 0.04296875
0 0.3171875 0.46484375 0.034375 0.03515625
0 0.3734375 0.5068359375 0.01875 0.044921875
0 0.40390625 0.5244140625 0.0421875 0.041015625
0 0.31015625 0.552734375 0.0359375 0.0390625
0 0.27734375 0.556640625 0.0265625 0.03515625
0 0.2578125 0.5654296875 0.021875 0.037109375
0 0.1796875 0.6884765625 0.025 0.029296875
0 0.21796875 0.7060546875 0.0265625 0.041015625
0 0.29296875 0.751953125 0.0203125 0.02734375
0 0.27421875 0.7802734375 0.0203125 0.037109375
0 0.25859375 0.7900390625 0.0171875 0.033203125
0 0.23828125 0.783203125 0.0140625 0.03125
0 0.32421875 0.837890625 0.0328125 0.03125
0 0.2078125 0.826171875 0.03125 0.03125
0 0.159375 0.8203125 0.034375 0.0390625
0 0.09921875 0.8515625 0.0234375 0.04296875
0 0.128125 0.87890625 0.025 0.0546875
0 0.2015625 0.9267578125 0.028125 0.025390625
0 0.12890625 0.955078125 0.0265625 0.05078125
0 0.78359375 0.7177734375 0.0421875 0.041015625
0 0.8921875 0.6884765625 0.025 0.033203125
0 0.9296875 0.69140625 0.03125 0.03515625
0 0.896875 0.779296875 0.034375 0.05078125
0 0.946875 0.849609375 0.03125 0.046875
0 0.99140625 0.853515625 0.0171875 0.0390625
0 0.96328125 0.9462890625 0.0140625 0.037109375
0 0.97578125 0.95703125 0.0171875 0.03125
0 0.9328125 0.861328125 0.01875 0.0234375
0 0.9546875 0.8798828125 0.021875 0.017578125
0 0.80625 0.943359375 0.021875 0.03515625
0 0.834375 0.9775390625 0.021875 0.033203125