0 0.0640625 0.15625 0.01875 0.03515625
0 0.328125 0.1572265625 0.015625 0.033203125
0 0.35 0.1552734375 0.0125 0.029296875
0 0.4421875 0.1005859375 0.0125 0.037109375
0 0.4078125 0.2900390625 0.015625 0.037109375
0 0.4234375 0.34375 0.015625 0.03515625
0 0.47734375 0.4951171875 0.0140625 0.037109375
0 0.1390625 0.90625 0.01875 0.04296875
0 0.92109375 0.630859375 0.0140625 0.0390625
0 0.7078125 0.654296875 0.015625 0.0390625
0 0.74921875 0.6103515625 0.0109375 0.037109375
0 0.75859375 0.607421875 0.0109375 0.0390625
0 0.76953125 0.6083984375 0.0109375 0.037109375
0 0.8 0.5673828125 0.015625 0.041015625
0 0.778125 0.4990234375 0.015625 0.037109375
0 0.62265625 0.5048828125 0.0140625 0.041015625
0 0.56484375 0.5810546875 0.0140625 0.041015625
0 0.6796875 0.34765625 0.0125 0.0390625
0 0.58984375 0.3876953125 0.0140625 0.037109375
0 0.5046875 0.408203125 0.015625 0.0390625
0 0.79765625 0.0283203125 0.0140625 0.029296875
0 0.815625 0.021484375 0.0125 0.03515625
0 0.84375 0.0244140625 0.015625 0.033203125
0 0.9 0.015625 0.015625 0.03125
4 0.8734375 0.0302734375 0.021875 0.060546875
4 0.728125 0.1015625 0.06875 0.0703125