0 0.13046875 0.240234375 0.0109375 0.03515625
0 0.2125 0.1123046875 0.0125 0.037109375
0 0.41640625 0.3076171875 0.0140625 0.037109375
0 0.32734375 0.3603515625 0.0078125 0.033203125
0 0.31953125 0.36328125 0.0078125 0.03125
0 0.3109375 0.3642578125 0.009375 0.037109375
0 0.38984375 0.408203125 0.0109375 0.03125
0 0.853125 0.859375 0.015625 0.04296875
0 0.56015625 0.7373046875 0.0140625 0.041015625
0 0.684375 0.619140625 0.015625 0.04296875
0 0.66875 0.6513671875 0.009375 0.033203125
0 0.6765625 0.642578125 0.015625 0.0390625
0 0.496875 0.6083984375 0.015625 0.048828125
4 0.51171875 0.1025390625 0.0734375 0.076171875
0 0.6 0.0478515625 0.009375 0.037109375
0 0.61484375 0.0283203125 0.0109375 0.033203125
0 0.6296875 0.0283203125 0.009375 0.033203125
0 0.64296875 0.025390625 0.0140625 0.0390625
0 0.7578125 0.1689453125 0.009375 0.037109375
0 0.86171875 0.1474609375 0.0140625 0.037109375
4 0.82265625 0.16796875 0.0390625 0.08984375
0 0.95546875 0.1083984375 0.0140625 0.033203125
0 0.82109375 0.0107421875 0.0109375 0.021484375
0 0.8359375 0.009765625 0.0125 0.01953125
0 0.8703125 0.0078125 0.0125 0.015625
0 0.890625 0.015625 0.0125 0.03125
0 0.903125 0.005859375 0.009375 0.01171875
0 0.93515625 0.0166015625 0.0140625 0.033203125