0 0.2359375 0.0166015625 0.03125 0.029296875
0 0.86484375 0.017578125 0.0265625 0.03125
0 0.17421875 0.552734375 0.0265625 0.0390625
0 0.09296875 0.5322265625 0.0265625 0.037109375
0 0.178125 0.6162109375 0.025 0.033203125
0 0.12734375 0.6181640625 0.0328125 0.037109375
0 0.2671875 0.6767578125 0.025 0.044921875
0 0.23046875 0.6572265625 0.0296875 0.029296875
0 0.196875 0.6533203125 0.021875 0.037109375
0 0.234375 0.818359375 0.01875 0.0234375
0 0.11328125 0.7734375 0.0265625 0.01953125
0 0.15234375 0.7939453125 0.0328125 0.025390625
0 0.1890625 0.859375 0.025 0.03125
0 0.14375 0.859375 0.028125 0.0390625
0 0.08984375 0.8818359375 0.0359375 0.025390625
0 0.2234375 0.9052734375 0.01875 0.029296875
0 0.19453125 0.939453125 0.0265625 0.0234375
0 0.1734375 0.982421875 0.03125 0.0234375
0 0.08515625 0.990234375 0.0203125 0.015625
0 0.825 0.537109375 0.021875 0.03125
0 0.88125 0.5869140625 0.021875 0.037109375
0 0.89140625 0.6591796875 0.0234375 0.037109375
0 0.90078125 0.689453125 0.0203125 0.03515625
0 0.81328125 0.7041015625 0.0171875 0.041015625
0 0.65703125 0.724609375 0.0203125 0.03515625
0 0.7828125 0.7265625 0.034375 0.0390625
0 0.78828125 0.7568359375 0.0234375 0.037109375
0 0.7640625 0.873046875 0.021875 0.0234375
0 0.8 0.9052734375 0.034375 0.037109375
0 0.77578125 0.8916015625 0.0140625 0.021484375
0 0.9171875 0.8388671875 0.028125 0.037109375
0 0.9140625 0.9345703125 0.03125 0.037109375