0 0.821875 0.3212890625 0.034375 0.041015625
0 0.97421875 0.0654296875 0.0296875 0.052734375
0 0.665625 0.1103515625 0.034375 0.044921875
0 0.6671875 0.041015625 0.01875 0.04296875
0 0.63984375 0.076171875 0.0421875 0.04296875
0 0.1671875 0.2900390625 0.040625 0.033203125
0 0.584375 0.302734375 0.025 0.03125
0 0.64140625 0.36328125 0.0234375 0.04296875
0 0.5765625 0.35546875 0.01875 0.03125
0 0.271875 0.4990234375 0.028125 0.048828125
0 0.1484375 0.4521484375 0.03125 0.033203125
0 0.35234375 0.599609375 0.0390625 0.05078125
0 0.38515625 0.6162109375 0.0265625 0.033203125
0 0.15234375 0.552734375 0.0265625 0.03515625
0 0.0984375 0.6005859375 0.021875 0.041015625
0 0.209375 0.6396484375 0.025 0.037109375
0 0.26328125 0.658203125 0.0296875 0.0390625
0 0.18515625 0.697265625 0.0328125 0.03125
0 0.1484375 0.7861328125 0.040625 0.037109375
0 0.4125 0.8115234375 0.025 0.044921875
0 0.4296875 0.845703125 0.028125 0.0390625