0 0.98515625 0.1923828125 0.0296875 0.044921875
0 0.60859375 0.3017578125 0.0296875 0.064453125
0 0.428125 0.4091796875 0.021875 0.037109375
0 0.5125 0.4599609375 0.021875 0.037109375
0 0.365625 0.4140625 0.025 0.046875
0 0.4578125 0.4755859375 0.01875 0.041015625
0 0.325 0.4580078125 0.021875 0.033203125
0 0.5796875 0.5751953125 0.03125 0.029296875
0 0.3625 0.5791015625 0.03125 0.033203125
0 0.40078125 0.6181640625 0.0296875 0.041015625
0 0.64375 0.673828125 0.025 0.03515625
0 0.5 0.7099609375 0.025 0.029296875
0 0.43671875 0.73046875 0.0359375 0.05078125
0 0.61875 0.8037109375 0.0375 0.048828125
0 0.503125 0.79296875 0.028125 0.02734375