0 0.13203125 0.1474609375 0.0140625 0.033203125
0 0.1515625 0.15234375 0.0125 0.03515625
0 0.2359375 0.2021484375 0.009375 0.033203125
0 0.15390625 0.203125 0.0140625 0.03125
0 0.43125 0.10546875 0.009375 0.03125
0 0.4421875 0.3349609375 0.0125 0.037109375
0 0.43125 0.3759765625 0.015625 0.037109375
0 0.36328125 0.3515625 0.0140625 0.03515625
0 0.35 0.9765625 0.01875 0.046875
0 0.8875 0.654296875 0.015625 0.04296875
0 0.78515625 0.5087890625 0.0140625 0.041015625
0 0.7125 0.5341796875 0.0125 0.037109375
0 0.70078125 0.5400390625 0.0140625 0.041015625
0 0.69140625 0.54296875 0.0109375 0.0390625
0 0.5921875 0.4912109375 0.015625 0.037109375
0 0.68828125 0.345703125 0.0109375 0.0390625
0 0.60390625 0.400390625 0.0109375 0.03125
0 0.5640625 0.4248046875 0.015625 0.041015625
0 0.9390625 0.0556640625 0.0125 0.029296875
0 0.90625 0.04296875 0.015625 0.03125
4 0.73515625 0.1103515625 0.0671875 0.068359375
0 0.88671875 0.037109375 0.0078125 0.03125
0 0.8765625 0.0302734375 0.009375 0.033203125
0 0.86875 0.033203125 0.009375 0.03515625
0 0.859375 0.0341796875 0.009375 0.033203125
0 0.99296875 0.1787109375 0.0140625 0.056640625