0 0.18515625 0.125 0.0203125 0.03515625
0 0.315625 0.4423828125 0.015625 0.041015625
0 0.275 0.4697265625 0.015625 0.041015625
0 0.309375 0.490234375 0.015625 0.0390625
0 0.6203125 0.2841796875 0.0125 0.033203125
0 0.65703125 0.28125 0.0140625 0.0390625
0 0.7390625 0.25390625 0.015625 0.0390625
0 0.909375 0.2587890625 0.0125 0.037109375
0 0.89375 0.2802734375 0.0125 0.033203125
0 0.9578125 0.3857421875 0.0125 0.037109375
0 0.95703125 0.626953125 0.0140625 0.046875
0 0.98046875 0.984375 0.0171875 0.03125