0 0.165625 0.181640625 0.015625 0.04296875
0 0.140625 0.2451171875 0.015625 0.033203125
0 0.309375 0.1865234375 0.015625 0.033203125
0 0.34375 0.296875 0.015625 0.0390625
0 0.46015625 0.1748046875 0.0109375 0.029296875
0 0.684375 0.9716796875 0.015625 0.048828125
0 0.8765625 0.962890625 0.015625 0.04296875
0 0.93984375 0.9931640625 0.0171875 0.013671875
0 0.90703125 0.826171875 0.0140625 0.04296875
0 0.98203125 0.8427734375 0.0203125 0.048828125
0 0.73515625 0.638671875 0.0171875 0.046875
0 0.81328125 0.4453125 0.0140625 0.0390625
0 0.78125 0.41796875 0.015625 0.0390625
0 0.75546875 0.4052734375 0.0140625 0.037109375
0 0.6765625 0.41796875 0.015625 0.04296875
0 0.6328125 0.392578125 0.0125 0.03125
0 0.61875 0.3896484375 0.0125 0.033203125
0 0.5453125 0.345703125 0.01875 0.04296875
0 0.52265625 0.1474609375 0.0109375 0.033203125
0 0.56328125 0.0078125 0.0140625 0.015625
0 0.93984375 0.5732421875 0.0171875 0.041015625
4 0.8140625 0.12109375 0.071875 0.08203125
0 0.96015625 0.0556640625 0.0265625 0.052734375
0 0.9890625 0.0595703125 0.01875 0.041015625