1 0.13671875 0.470703125 0.0796875 0.0703125
1 0.15859375 0.419921875 0.0765625 0.05859375
1 0.18515625 0.3984375 0.0765625 0.05859375
1 0.2125 0.36328125 0.075 0.05859375
1 0.21875 0.3369140625 0.05 0.037109375
1 0.2421875 0.3212890625 0.065625 0.048828125
1 0.2546875 0.302734375 0.06875 0.046875
1 0.2640625 0.283203125 0.05 0.0390625
1 0.2875 0.271484375 0.065625 0.046875
1 0.32265625 0.23828125 0.0578125 0.05078125
1 0.3484375 0.2216796875 0.0625 0.048828125
1 0.3703125 0.205078125 0.053125 0.05078125
1 0.48203125 0.2333984375 0.0578125 0.041015625
1 0.5703125 0.1923828125 0.05625 0.068359375
1 0.60234375 0.205078125 0.0546875 0.06640625
1 0.6265625 0.2158203125 0.05625 0.068359375
1 0.6578125 0.2275390625 0.05625 0.068359375
1 0.6921875 0.2373046875 0.05625 0.068359375
1 0.7171875 0.2509765625 0.05625 0.068359375
1 0.75 0.2646484375 0.05625 0.068359375
1 0.7859375 0.2724609375 0.059375 0.072265625
1 0.840625 0.2958984375 0.059375 0.072265625
1 0.875 0.3056640625 0.059375 0.072265625
1 0.9046875 0.3212890625 0.05625 0.068359375
1 0.93359375 0.3359375 0.0609375 0.07421875
1 0.96328125 0.341796875 0.0578125 0.0703125
1 0.98671875 0.3603515625 0.0234375 0.044921875
1 0.04296875 0.12109375 0.0609375 0.0625