0 0.07734375 0.462890625 0.0171875 0.04296875
0 0.02734375 0.51171875 0.0140625 0.04296875
0 0.078125 0.5341796875 0.015625 0.037109375
0 0.771875 0.955078125 0.015625 0.04296875
0 0.940625 0.779296875 0.015625 0.04296875
0 0.896875 0.671875 0.015625 0.0390625
0 0.77578125 0.5205078125 0.0140625 0.041015625
0 0.81171875 0.43359375 0.0140625 0.03125
0 0.90546875 0.435546875 0.0140625 0.03515625
4 0.86796875 0.5546875 0.0359375 0.06640625
0 0.6765625 0.515625 0.01875 0.04296875
0 0.8078125 0.3115234375 0.015625 0.037109375
0 0.6875 0.3095703125 0.015625 0.037109375
0 0.6625 0.2158203125 0.0125 0.033203125
0 0.63203125 0.22265625 0.0140625 0.03125
0 0.459375 0.2236328125 0.015625 0.037109375
0 0.74609375 0.064453125 0.0140625 0.03515625
0 0.36328125 0.265625 0.0140625 0.03515625
0 0.3390625 0.2412109375 0.015625 0.037109375
4 0.93359375 0.1201171875 0.0765625 0.087890625