1 0.58359375 0.912109375 0.1328125 0.140625
1 0.62734375 0.849609375 0.1328125 0.13671875
1 0.67109375 0.732421875 0.1328125 0.13671875
1 0.6984375 0.6728515625 0.128125 0.130859375
1 0.7265625 0.6220703125 0.128125 0.130859375
1 0.75 0.572265625 0.13125 0.12109375
1 0.78046875 0.5185546875 0.1203125 0.111328125
1 0.809375 0.470703125 0.125 0.12890625
1 0.88671875 0.38671875 0.1359375 0.13671875
1 0.91953125 0.333984375 0.1265625 0.12109375
1 0.94296875 0.287109375 0.1109375 0.10546875
3 0.29296875 0.1884765625 0.0921875 0.130859375