2 0.89375 0.2431640625 0.075 0.060546875
2 0.909375 0.2861328125 0.090625 0.080078125
2 0.921875 0.3330078125 0.1125 0.107421875
2 0.928125 0.384765625 0.109375 0.09765625
2 0.95703125 0.396484375 0.0703125 0.10546875
2 0.96796875 0.443359375 0.0578125 0.03515625
2 0.978125 0.486328125 0.040625 0.046875
2 0.98671875 0.544921875 0.0234375 0.03515625
2 0.96640625 0.8349609375 0.0640625 0.056640625
2 0.9140625 0.9248046875 0.09375 0.103515625
1 0.06640625 0.302734375 0.1328125 0.15625
1 0.12265625 0.5458984375 0.2453125 0.212890625
1 0.2640625 0.9345703125 0.25625 0.123046875