0 0.04453125 0.2392578125 0.0140625 0.037109375
0 0.0828125 0.244140625 0.0125 0.03515625
0 0.2046875 0.2822265625 0.0125 0.037109375
0 0.21953125 0.115234375 0.0109375 0.03515625
0 0.4625 0.3359375 0.0125 0.0390625
0 0.39609375 0.4091796875 0.0109375 0.033203125
0 0.3609375 0.404296875 0.009375 0.03515625
0 0.35390625 0.4033203125 0.0078125 0.033203125
0 0.34453125 0.4052734375 0.0109375 0.037109375
0 0.81953125 0.806640625 0.0140625 0.0390625
0 0.603125 0.8154296875 0.015625 0.041015625
0 0.9140625 0.6455078125 0.015625 0.044921875
0 0.6578125 0.58984375 0.015625 0.04296875
0 0.5625 0.6884765625 0.015625 0.041015625
4 0.51640625 0.1044921875 0.0734375 0.076171875
0 0.6109375 0.0498046875 0.0125 0.033203125
0 0.62421875 0.03125 0.0109375 0.02734375
0 0.81015625 0.1220703125 0.0140625 0.029296875
0 0.771875 0.173828125 0.0125 0.03515625
4 0.82109375 0.181640625 0.0515625 0.078125
0 0.83984375 0.013671875 0.0171875 0.02734375
0 0.8765625 0.01171875 0.0125 0.0234375
0 0.92421875 0.013671875 0.0140625 0.02734375
4 0.65078125 0.041015625 0.0359375 0.0546875
0 0.765625 0.654296875 0.021875 0.0546875