0 0.84296875 0.1552734375 0.0109375 0.041015625
0 0.85390625 0.173828125 0.0109375 0.0234375
0 0.8671875 0.1669921875 0.0125 0.033203125
0 0.88125 0.16796875 0.0125 0.03125
0 0.7234375 0.037109375 0.015625 0.04296875
0 0.6671875 0.0322265625 0.015625 0.033203125
0 0.68359375 0.037109375 0.0078125 0.03515625
0 0.69453125 0.04296875 0.0109375 0.02734375
0 0.6859375 0.06640625 0.0125 0.02734375
0 0.26328125 0.1298828125 0.0140625 0.033203125
0 0.11953125 0.1923828125 0.0140625 0.037109375
0 0.1890625 0.26171875 0.015625 0.03515625
0 0.225 0.2958984375 0.015625 0.037109375
0 0.334375 0.3310546875 0.0125 0.037109375
0 0.34609375 0.328125 0.0078125 0.0390625
0 0.5203125 0.380859375 0.0125 0.03515625
0 0.41640625 0.408203125 0.0109375 0.03515625
0 0.53515625 0.4326171875 0.0140625 0.037109375
0 0.575 0.4521484375 0.015625 0.037109375
0 0.44765625 0.5546875 0.0140625 0.0390625
0 0.46484375 0.57421875 0.0140625 0.0390625
0 0.72578125 0.763671875 0.0109375 0.0390625
0 0.70703125 0.76953125 0.0109375 0.0390625
0 0.71484375 0.7685546875 0.0109375 0.037109375
0 0.61484375 0.7255859375 0.0140625 0.044921875
0 0.58984375 0.81640625 0.0140625 0.046875
0 0.5609375 0.8310546875 0.015625 0.041015625
0 0.446875 0.9541015625 0.015625 0.044921875
0 0.99140625 0.884765625 0.0140625 0.046875
0 0.690625 0.51953125 0.015625 0.04296875
4 0.5609375 0.1123046875 0.08125 0.080078125