3 0.1703125 0.11328125 0.08125 0.11328125
1 0.42578125 0.931640625 0.1421875 0.1328125
1 0.47578125 0.80078125 0.1296875 0.125
1 0.51796875 0.73828125 0.1296875 0.125
1 0.55859375 0.625 0.1296875 0.125
1 0.58203125 0.5673828125 0.1296875 0.123046875
1 0.60859375 0.5185546875 0.1265625 0.115234375
1 0.6296875 0.46484375 0.128125 0.109375
1 0.659375 0.419921875 0.128125 0.109375
1 0.68515625 0.3671875 0.1265625 0.1171875
1 0.75390625 0.279296875 0.1234375 0.12109375
1 0.78828125 0.228515625 0.1203125 0.11328125
1 0.815625 0.18359375 0.115625 0.10546875
1 0.9765625 0.2578125 0.04375 0.0625