0 0.59296875 0.3603515625 0.0203125 0.033203125
0 0.5625 0.3974609375 0.01875 0.029296875
0 0.51015625 0.396484375 0.0171875 0.0390625
0 0.59375 0.44921875 0.021875 0.04296875
0 0.45390625 0.5537109375 0.0234375 0.029296875
0 0.5609375 0.494140625 0.040625 0.03515625
0 0.61875 0.53515625 0.03125 0.03515625
0 0.990625 0.275390625 0.015625 0.0234375
0 0.66015625 0.6201171875 0.0515625 0.033203125
0 0.5609375 0.5498046875 0.01875 0.033203125
0 0.0609375 0.9794921875 0.028125 0.021484375
0 0.01484375 0.9853515625 0.0296875 0.025390625
0 0.709375 0.7236328125 0.021875 0.029296875
0 0.56015625 0.734375 0.0265625 0.02734375
0 0.50546875 0.7255859375 0.0359375 0.037109375