0 0.23203125 0.5732421875 0.0234375 0.041015625
0 0.19453125 0.6591796875 0.0234375 0.033203125
0 0.028125 0.568359375 0.01875 0.03125
0 0.01796875 0.587890625 0.0171875 0.03125
0 0.184375 0.0107421875 0.021875 0.021484375
0 0.053125 0.6181640625 0.021875 0.044921875
0 0.09453125 0.6748046875 0.0203125 0.041015625
0 0.08515625 0.63671875 0.0328125 0.05078125
0 0.01015625 0.703125 0.0203125 0.046875
0 0.0890625 0.7958984375 0.01875 0.033203125
0 0.0703125 0.90625 0.040625 0.03125
0 0.1265625 0.8125 0.028125 0.046875
0 0.12265625 0.8759765625 0.0328125 0.056640625
0 0.16796875 0.876953125 0.0296875 0.03515625
0 0.21015625 0.833984375 0.0265625 0.03515625
0 0.72890625 0.4951171875 0.0484375 0.083984375
0 0.80859375 0.529296875 0.0234375 0.03515625
0 0.69921875 0.6025390625 0.0171875 0.037109375
0 0.73671875 0.68359375 0.0328125 0.02734375
0 0.8125 0.5771484375 0.04375 0.048828125
0 0.825 0.6064453125 0.0375 0.044921875
0 0.8578125 0.6328125 0.021875 0.03515625
0 0.84375 0.6630859375 0.021875 0.029296875
0 0.89375 0.8056640625 0.03125 0.041015625
0 0.74140625 0.849609375 0.0234375 0.03125
0 0.75625 0.8720703125 0.01875 0.029296875
0 0.86171875 0.900390625 0.0296875 0.0390625
0 0.8234375 0.892578125 0.03125 0.046875