2 0.76640625 0.076171875 0.0734375 0.0546875
2 0.75625 0.126953125 0.084375 0.0703125
2 0.7453125 0.1806640625 0.10625 0.080078125
2 0.73203125 0.2255859375 0.1171875 0.076171875
2 0.73984375 0.2666015625 0.0859375 0.044921875
2 0.73671875 0.30078125 0.0828125 0.0546875
2 0.73515625 0.3486328125 0.1046875 0.068359375
2 0.83203125 0.39453125 0.0890625 0.0546875
2 0.83125 0.4482421875 0.090625 0.064453125
2 0.73125 0.4150390625 0.11875 0.083984375
2 0.70703125 0.4580078125 0.1046875 0.072265625
2 0.68671875 0.51171875 0.1203125 0.078125
2 0.89140625 0.5654296875 0.0921875 0.056640625
2 0.86875 0.6240234375 0.0875 0.076171875
2 0.9375 0.65234375 0.028125 0.09375
2 0.75546875 0.666015625 0.1015625 0.08203125
2 0.84921875 0.73046875 0.1078125 0.09765625
2 0.89609375 0.7685546875 0.0578125 0.080078125
2 0.63515625 0.6455078125 0.1140625 0.095703125
2 0.75 0.7490234375 0.109375 0.095703125
2 0.53984375 0.630859375 0.1078125 0.1171875
2 0.4390625 0.650390625 0.090625 0.0546875
2 0.52578125 0.75390625 0.1109375 0.0859375
2 0.6328125 0.7666015625 0.09375 0.068359375
2 0.6359375 0.8212890625 0.103125 0.056640625
2 0.8484375 0.900390625 0.103125 0.0703125
2 0.8453125 0.9365234375 0.10625 0.068359375
2 0.50859375 0.8544921875 0.1140625 0.087890625
2 0.38671875 0.919921875 0.1140625 0.078125
2 0.81484375 0.9697265625 0.0828125 0.056640625