0 0.14375 0.251953125 0.0125 0.0390625
0 0.21328125 0.1162109375 0.0109375 0.033203125
0 0.42734375 0.3134765625 0.0109375 0.037109375
0 0.31640625 0.3740234375 0.0109375 0.037109375
0 0.33203125 0.3701171875 0.0078125 0.033203125
0 0.325 0.3740234375 0.00625 0.033203125
0 0.84375 0.853515625 0.0125 0.0390625
0 0.56796875 0.7529296875 0.0140625 0.037109375
0 0.675 0.615234375 0.015625 0.03515625
0 0.69140625 0.6494140625 0.0171875 0.044921875
0 0.509375 0.623046875 0.015625 0.04296875
0 0.3890625 0.4130859375 0.0125 0.029296875
0 0.9546875 0.109375 0.015625 0.03515625
0 0.85703125 0.1640625 0.0140625 0.0390625
0 0.75859375 0.1728515625 0.0109375 0.037109375
4 0.8171875 0.1650390625 0.04375 0.091796875
4 0.51328125 0.1044921875 0.0734375 0.076171875
0 0.60078125 0.05078125 0.0109375 0.0390625
0 0.63984375 0.033203125 0.0109375 0.0390625
0 0.62734375 0.03515625 0.0109375 0.03515625
0 0.8296875 0.0224609375 0.015625 0.033203125
0 0.84375 0.01171875 0.009375 0.0234375
0 0.8609375 0.005859375 0.0125 0.01171875
0 0.8890625 0.0185546875 0.0125 0.033203125
0 0.9125 0.0068359375 0.009375 0.013671875
0 0.93515625 0.017578125 0.0140625 0.03515625