2 0.1453125 0.4326171875 0.065625 0.083984375
2 0.1671875 0.4599609375 0.071875 0.091796875
2 0.18671875 0.4814453125 0.0671875 0.083984375
2 0.2078125 0.5087890625 0.071875 0.095703125
2 0.23125 0.5029296875 0.0375 0.076171875
2 0.25390625 0.517578125 0.0546875 0.078125
2 0.278125 0.53125 0.0625 0.0859375
2 0.309375 0.548828125 0.078125 0.109375
2 0.3265625 0.5771484375 0.075 0.099609375
2 0.34765625 0.6064453125 0.0765625 0.103515625
2 0.4484375 0.4814453125 0.04375 0.083984375
2 0.47421875 0.513671875 0.0609375 0.11328125
2 0.45625 0.5947265625 0.071875 0.099609375
2 0.49921875 0.6181640625 0.0859375 0.115234375
2 0.65078125 0.626953125 0.0640625 0.08984375
2 0.52578125 0.5478515625 0.0671875 0.076171875
2 0.61640625 0.5966796875 0.0671875 0.091796875
2 0.4015625 0.66796875 0.078125 0.1015625
2 0.4359375 0.689453125 0.06875 0.09375
2 0.3625 0.734375 0.084375 0.09765625
2 0.42734375 0.7841796875 0.0765625 0.103515625
2 0.48046875 0.8212890625 0.0828125 0.107421875
2 0.34453125 0.818359375 0.0484375 0.0859375
2 0.4796875 0.9365234375 0.053125 0.103515625
2 0.51875 0.896484375 0.028125 0.0859375
2 0.54921875 0.955078125 0.0328125 0.0859375