0 0.2234375 0.404296875 0.021875 0.0390625
0 0.12109375 0.5146484375 0.0265625 0.041015625
0 0.22265625 0.5126953125 0.0328125 0.033203125
0 0.29140625 0.578125 0.0359375 0.04296875
0 0.17734375 0.599609375 0.0359375 0.04296875
0 0.2234375 0.548828125 0.028125 0.03125
0 0.23671875 0.578125 0.0265625 0.03515625
0 0.12265625 0.73828125 0.0265625 0.03125
0 0.15078125 0.7451171875 0.0265625 0.029296875
0 0.23125 0.7763671875 0.01875 0.025390625
0 0.20859375 0.783203125 0.0390625 0.05078125
0 0.18671875 0.814453125 0.0421875 0.05078125
0 0.22890625 0.8271484375 0.0296875 0.033203125
0 0.10703125 0.8349609375 0.0265625 0.029296875
0 0.184375 0.93359375 0.04375 0.046875
0 0.15078125 0.95703125 0.0234375 0.03515625
0 0.04921875 0.890625 0.0328125 0.046875
0 0.06875 0.9267578125 0.028125 0.044921875
0 0.67734375 0.6484375 0.0390625 0.05078125
0 0.9265625 0.552734375 0.03125 0.03515625
0 0.80078125 0.63671875 0.0265625 0.03125
0 0.83203125 0.6572265625 0.0453125 0.068359375
0 0.8921875 0.7216796875 0.021875 0.037109375
0 0.815625 0.7236328125 0.021875 0.033203125
0 0.8578125 0.74609375 0.04375 0.05859375
0 0.91796875 0.857421875 0.0328125 0.04296875
0 0.90703125 0.923828125 0.0421875 0.05859375
0 0.76015625 0.876953125 0.0296875 0.0390625
0 0.79453125 0.9091796875 0.0234375 0.029296875