1 0.11640625 0.25390625 0.1640625 0.17578125
1 0.2171875 0.3662109375 0.203125 0.216796875
1 0.37109375 0.5732421875 0.1703125 0.185546875
1 0.48125 0.69921875 0.1625 0.16796875
1 0.5703125 0.8232421875 0.184375 0.205078125
1 0.16796875 0.6708984375 0.2046875 0.228515625
1 0.6765625 0.9345703125 0.1875 0.126953125
1 0.065625 0.5205078125 0.13125 0.162109375
2 0.7265625 0.0732421875 0.04375 0.052734375
2 0.75625 0.0908203125 0.053125 0.064453125
2 0.7671875 0.119140625 0.06875 0.08203125
2 0.78515625 0.1416015625 0.0796875 0.095703125
2 0.82109375 0.1611328125 0.0609375 0.072265625
2 0.84140625 0.17578125 0.0640625 0.0703125
2 0.8703125 0.201171875 0.084375 0.0859375
2 0.8796875 0.2294921875 0.078125 0.080078125
2 0.89375 0.259765625 0.071875 0.08203125
2 0.93828125 0.3232421875 0.0796875 0.091796875
2 0.88671875 0.37890625 0.0796875 0.08203125
2 0.9390625 0.4326171875 0.08125 0.095703125
2 0.859375 0.4423828125 0.0625 0.091796875
2 0.96640625 0.57421875 0.0609375 0.08984375
2 0.9796875 0.4814453125 0.0375 0.076171875