0 0.93671875 0.05859375 0.0140625 0.03515625
0 0.8015625 0.2255859375 0.021875 0.044921875
4 0.88671875 0.052734375 0.0515625 0.05078125
0 0.4796875 0.005859375 0.009375 0.01171875
0 0.44140625 0.142578125 0.0109375 0.03515625
0 0.73984375 0.4482421875 0.0171875 0.041015625
0 0.70234375 0.4052734375 0.0109375 0.037109375
0 0.68515625 0.4130859375 0.0140625 0.041015625
0 0.59921875 0.4140625 0.0140625 0.03515625
0 0.54921875 0.3759765625 0.0109375 0.037109375
0 0.5359375 0.375 0.0125 0.03125
0 0.45390625 0.3369140625 0.0140625 0.033203125
0 0.4484375 0.3134765625 0.0125 0.037109375
0 0.6546875 0.6181640625 0.009375 0.037109375
0 0.64453125 0.625 0.0109375 0.0390625
0 0.8171875 0.79296875 0.01875 0.0390625
0 0.89375 0.8232421875 0.0125 0.041015625
0 0.90703125 0.8203125 0.0140625 0.03515625
0 0.840625 0.953125 0.015625 0.0390625
0 0.78515625 0.9267578125 0.0140625 0.044921875
0 0.6109375 0.95703125 0.01875 0.046875
0 0.0515625 0.2470703125 0.01875 0.037109375
0 0.06953125 0.1787109375 0.0171875 0.041015625
0 0.2078125 0.1826171875 0.0125 0.033203125
0 0.2375 0.2841796875 0.015625 0.041015625
0 0.365625 0.1787109375 0.0125 0.033203125
0 0.8359375 0.005859375 0.0125 0.01171875
0 0.809375 0.0078125 0.009375 0.015625
0 0.7984375 0.005859375 0.009375 0.01171875
0 0.8625 0.55859375 0.015625 0.03515625
4 0.7375 0.115234375 0.078125 0.0859375