2 0.49375 0.15625 0.034375 0.0703125
2 0.4734375 0.1298828125 0.05625 0.072265625
2 0.42265625 0.146484375 0.0671875 0.1015625
2 0.365625 0.09375 0.0875 0.11328125
2 0.309375 0.0986328125 0.0625 0.103515625
2 0.246875 0.0654296875 0.0625 0.095703125
2 0.3359375 0.0283203125 0.05625 0.056640625
2 0.29375 0.029296875 0.04375 0.05859375
2 0.2515625 0.0244140625 0.04375 0.048828125
2 0.78046875 0.4208984375 0.0734375 0.095703125
2 0.8046875 0.451171875 0.08125 0.10546875
2 0.834375 0.4765625 0.084375 0.109375
2 0.85078125 0.513671875 0.0734375 0.109375
2 0.90625 0.521484375 0.078125 0.10546875
2 0.93671875 0.54296875 0.0796875 0.109375
2 0.97421875 0.5712890625 0.0515625 0.095703125
2 0.98515625 0.62109375 0.0265625 0.05859375
1 0.1171875 0.8515625 0.234375 0.29296875
1 0.27421875 0.923828125 0.1640625 0.1484375