0 0.18984375 0.015625 0.0234375 0.03125
0 0.80546875 0.0087890625 0.0171875 0.017578125
0 0.17734375 0.6259765625 0.0203125 0.029296875
0 0.05390625 0.625 0.0265625 0.04296875
0 0.09765625 0.6826171875 0.0265625 0.033203125
0 0.14296875 0.662109375 0.0203125 0.0390625
0 0.171875 0.6748046875 0.01875 0.021484375
0 0.19375 0.6875 0.01875 0.03515625
0 0.17421875 0.712890625 0.0234375 0.02734375
0 0.2140625 0.8310546875 0.01875 0.021484375
0 0.13203125 0.8125 0.0265625 0.02734375
0 0.171875 0.876953125 0.03125 0.03515625
0 0.1265625 0.8720703125 0.028125 0.056640625
0 0.07109375 0.9013671875 0.0359375 0.029296875
0 0.16484375 0.9541015625 0.0265625 0.025390625
0 0.203125 0.9677734375 0.025 0.025390625
0 0.1171875 0.9892578125 0.021875 0.017578125
0 0.82890625 0.5390625 0.0265625 0.0390625
0 0.86953125 0.55078125 0.0296875 0.02734375
0 0.87109375 0.640625 0.0234375 0.03515625
0 0.91796875 0.64453125 0.0265625 0.03125
0 0.6328125 0.71875 0.015625 0.03125
0 0.8203125 0.6865234375 0.021875 0.037109375
0 0.81640625 0.7216796875 0.0203125 0.041015625
0 0.765625 0.6962890625 0.03125 0.044921875
0 0.90078125 0.8212890625 0.0296875 0.041015625
0 0.74609375 0.859375 0.0234375 0.02734375
0 0.7828125 0.9013671875 0.034375 0.044921875
0 0.83046875 0.9033203125 0.0296875 0.044921875
0 0.89140625 0.9755859375 0.0296875 0.041015625
0 0.803125 0.970703125 0.01875 0.03125