2 0.57890625 0.16796875 0.0328125 0.10546875
2 0.55 0.1669921875 0.0375 0.107421875
2 0.43046875 0.185546875 0.0546875 0.12109375
2 0.3515625 0.181640625 0.046875 0.12109375
2 0.31328125 0.1767578125 0.0328125 0.080078125
2 0.4578125 0.2900390625 0.0625 0.119140625
2 0.39375 0.294921875 0.053125 0.12109375
2 0.2953125 0.39453125 0.04375 0.125
2 0.25390625 0.3818359375 0.0390625 0.115234375
2 0.21953125 0.3603515625 0.0484375 0.130859375
2 0.17265625 0.361328125 0.0390625 0.11328125
2 0.134375 0.3701171875 0.0375 0.103515625
2 0.07890625 0.3974609375 0.0328125 0.107421875
2 0.1046875 0.37109375 0.046875 0.109375
2 0.0421875 0.3837890625 0.04375 0.111328125
2 0.0109375 0.375 0.021875 0.1015625
2 0.39921875 0.4287109375 0.0578125 0.115234375
2 0.44765625 0.421875 0.0421875 0.109375
2 0.49375 0.4111328125 0.034375 0.087890625
2 0.53125 0.4052734375 0.046875 0.111328125
2 0.40234375 0.5380859375 0.0828125 0.123046875
2 0.49921875 0.53515625 0.0515625 0.1171875
2 0.57578125 0.5361328125 0.0421875 0.115234375
2 0.43671875 0.6376953125 0.0421875 0.115234375
2 0.6484375 0.66015625 0.0625 0.12109375
2 0.7296875 0.6396484375 0.09375 0.115234375
2 0.83359375 0.6796875 0.0953125 0.0625
2 0.95 0.7001953125 0.096875 0.091796875