0 0.26875 0.216796875 0.0125 0.0390625
0 0.33671875 0.2509765625 0.0109375 0.033203125
0 0.4203125 0.20703125 0.0125 0.0390625
0 0.00703125 0.5263671875 0.0109375 0.041015625
0 0.06015625 0.4814453125 0.0140625 0.041015625
0 0.07265625 0.5498046875 0.0171875 0.037109375
0 0.7625 0.958984375 0.01875 0.05078125
0 0.9765625 0.830078125 0.009375 0.04296875
0 0.91640625 0.7431640625 0.0140625 0.041015625
0 0.83515625 0.58203125 0.0140625 0.0390625
0 0.840625 0.5078125 0.015625 0.046875
0 0.89453125 0.4296875 0.0140625 0.03515625
0 0.8203125 0.32421875 0.015625 0.0390625
0 0.80390625 0.4287109375 0.0140625 0.029296875
0 0.74296875 0.4814453125 0.0140625 0.041015625
0 0.6390625 0.4541015625 0.0125 0.037109375
0 0.6609375 0.267578125 0.0125 0.03515625
0 0.65390625 0.19140625 0.0140625 0.03515625
0 0.60703125 0.1904296875 0.0140625 0.037109375
0 0.725 0.046875 0.0125 0.03515625
4 0.92265625 0.1123046875 0.0953125 0.099609375
0 0.9453125 0.3935546875 0.015625 0.041015625