0 0.13671875 0.19921875 0.0171875 0.03515625
0 0.296875 0.244140625 0.009375 0.03125
0 0.3546875 0.1865234375 0.01875 0.037109375
0 0.05859375 0.5234375 0.0140625 0.0390625
0 0.034375 0.5595703125 0.01875 0.041015625
0 0.08515625 0.5849609375 0.0140625 0.037109375
0 0.80390625 0.919921875 0.0140625 0.04296875
0 0.91953125 0.7353515625 0.0140625 0.037109375
0 0.88515625 0.693359375 0.0140625 0.0390625
0 0.89296875 0.4296875 0.0109375 0.03515625
0 0.7890625 0.447265625 0.009375 0.03125
0 0.79765625 0.439453125 0.0078125 0.03515625
0 0.803125 0.435546875 0.00625 0.03125
0 0.85390625 0.3671875 0.0140625 0.0390625
0 0.74765625 0.447265625 0.0140625 0.0390625
0 0.70625 0.412109375 0.015625 0.0390625
0 0.559375 0.365234375 0.015625 0.04296875
0 0.62265625 0.2041015625 0.0109375 0.041015625
0 0.65078125 0.1669921875 0.0109375 0.037109375
0 0.52734375 0.1767578125 0.0109375 0.033203125
4 0.93515625 0.1201171875 0.0859375 0.091796875
0 0.70546875 0.02734375 0.0140625 0.03515625
0 0.92734375 0.4248046875 0.0140625 0.044921875