0 0.571875 0.3427734375 0.053125 0.052734375
0 0.08828125 0.6240234375 0.0328125 0.037109375
0 0.60234375 0.47265625 0.0296875 0.04296875
0 0.61796875 0.6259765625 0.0265625 0.052734375
0 0.71484375 0.5419921875 0.0421875 0.056640625
0 0.7484375 0.5478515625 0.025 0.044921875
0 0.0421875 0.681640625 0.025 0.0390625
0 0.02734375 0.71875 0.0265625 0.03515625
0 0.00546875 0.7041015625 0.0109375 0.033203125
0 0.0703125 0.73046875 0.021875 0.02734375
0 0.04765625 0.7275390625 0.0265625 0.029296875
0 0.1140625 0.873046875 0.021875 0.02734375
0 0.08984375 0.900390625 0.0171875 0.03125
0 0.125 0.9267578125 0.040625 0.033203125
0 0.02890625 0.8720703125 0.0265625 0.029296875
0 0.06875 0.92578125 0.01875 0.03125
0 0.09375 0.9287109375 0.015625 0.025390625
0 0.009375 0.9658203125 0.01875 0.033203125
0 0.0046875 0.8818359375 0.009375 0.021484375
0 0.4953125 0.689453125 0.021875 0.0390625
0 0.521875 0.703125 0.025 0.046875
0 0.78984375 0.712890625 0.0296875 0.0390625
0 0.6453125 0.7880859375 0.021875 0.033203125
0 0.6859375 0.80859375 0.021875 0.03515625
0 0.8046875 0.8310546875 0.025 0.037109375
0 0.63203125 0.982421875 0.0296875 0.03125