1 0.4 0.5615234375 0.10625 0.099609375
1 0.43828125 0.4794921875 0.1015625 0.091796875
1 0.4734375 0.4443359375 0.103125 0.095703125
1 0.509375 0.3759765625 0.109375 0.099609375
1 0.52265625 0.3388671875 0.0953125 0.087890625
1 0.5484375 0.3095703125 0.1 0.091796875
1 0.56796875 0.279296875 0.0921875 0.08203125
1 0.59375 0.251953125 0.1 0.0859375
1 0.61640625 0.2216796875 0.0984375 0.087890625
1 0.6703125 0.173828125 0.1 0.1015625
1 0.69765625 0.134765625 0.0953125 0.0859375
1 0.71875 0.1103515625 0.096875 0.087890625
1 0.875 0.1611328125 0.096875 0.056640625
1 0.98125 0.1123046875 0.034375 0.060546875