0 0.22734375 0.1181640625 0.0109375 0.041015625
0 0.10078125 0.263671875 0.0140625 0.0390625
0 0.178125 0.2998046875 0.015625 0.033203125
0 0.25625 0.3212890625 0.0125 0.037109375
0 0.46875 0.3408203125 0.0125 0.037109375
0 0.39921875 0.4189453125 0.0109375 0.029296875
0 0.396875 0.443359375 0.009375 0.03515625
0 0.3890625 0.4453125 0.009375 0.03515625
0 0.37890625 0.4453125 0.0109375 0.03515625
0 0.67265625 0.9111328125 0.0140625 0.044921875
0 0.78203125 0.7744140625 0.0140625 0.041015625
0 0.61640625 0.765625 0.0171875 0.046875
0 0.99140625 0.650390625 0.0171875 0.046875
0 0.6390625 0.5751953125 0.015625 0.041015625
4 0.51953125 0.1083984375 0.0734375 0.076171875
0 0.6296875 0.0625 0.0125 0.03125
0 0.64765625 0.037109375 0.0109375 0.03515625
0 0.69375 0.0400390625 0.015625 0.037109375
0 0.71640625 0.0556640625 0.0109375 0.033203125
4 0.80078125 0.1748046875 0.0859375 0.080078125
4 0.8796875 0.01953125 0.090625 0.0390625