0 0.2078125 0.166015625 0.015625 0.03125
0 0.225 0.1708984375 0.0125 0.033203125
0 0.31015625 0.2314453125 0.0140625 0.033203125
0 0.27109375 0.2451171875 0.0171875 0.037109375
0 0.44765625 0.107421875 0.0109375 0.03515625
0 0.4703125 0.3623046875 0.0125 0.037109375
0 0.409375 0.404296875 0.0125 0.03515625
0 0.353125 0.9755859375 0.01875 0.041015625
0 0.86171875 0.625 0.0171875 0.0390625
0 0.7828125 0.5078125 0.015625 0.0390625
0 0.73515625 0.5625 0.0109375 0.0390625
0 0.728125 0.5673828125 0.0125 0.041015625
0 0.715625 0.568359375 0.0125 0.0390625
0 0.63671875 0.5537109375 0.0140625 0.037109375
0 0.58828125 0.458984375 0.0140625 0.04296875
0 0.68671875 0.3447265625 0.0109375 0.033203125
0 0.60234375 0.400390625 0.0109375 0.03125
0 0.909375 0.0341796875 0.0125 0.037109375
0 0.8890625 0.0380859375 0.015625 0.041015625
0 0.86484375 0.0283203125 0.0109375 0.037109375
0 0.8765625 0.033203125 0.0125 0.03515625
4 0.734375 0.103515625 0.06875 0.07421875
0 0.4828125 0.44921875 0.015625 0.04296875
0 0.98203125 0.1923828125 0.0171875 0.048828125