0 0.7703125 0.6591796875 0.021875 0.052734375
0 0.93359375 0.6494140625 0.0203125 0.056640625
0 0.653125 0.587890625 0.015625 0.04296875
0 0.575 0.708984375 0.015625 0.05078125
0 0.81015625 0.798828125 0.0140625 0.0390625
0 0.61484375 0.8330078125 0.0203125 0.044921875
0 0.3984375 0.4140625 0.009375 0.03125
0 0.37265625 0.4150390625 0.0109375 0.033203125
0 0.36171875 0.4169921875 0.0109375 0.033203125
0 0.3546875 0.4189453125 0.009375 0.033203125
0 0.21953125 0.2919921875 0.0171875 0.044921875
0 0.109375 0.255859375 0.0125 0.03515625
0 0.06015625 0.2431640625 0.0140625 0.037109375
0 0.22265625 0.1123046875 0.0109375 0.037109375
0 0.46640625 0.3388671875 0.0140625 0.041015625
4 0.5234375 0.1103515625 0.075 0.068359375
0 0.61875 0.0556640625 0.009375 0.033203125
0 0.63046875 0.0380859375 0.0078125 0.029296875
0 0.640625 0.0380859375 0.009375 0.029296875
0 0.65 0.052734375 0.009375 0.02734375
0 0.659375 0.033203125 0.009375 0.02734375
0 0.6734375 0.044921875 0.0125 0.03515625
0 0.775 0.1796875 0.0125 0.03125
0 0.81328125 0.1318359375 0.0109375 0.025390625
0 0.84453125 0.017578125 0.0109375 0.03125
0 0.9203125 0.013671875 0.0125 0.02734375
0 0.8703125 0.0068359375 0.009375 0.013671875
0 0.80546875 0.1708984375 0.0078125 0.017578125
0 0.81640625 0.1728515625 0.0078125 0.033203125
0 0.82734375 0.2001953125 0.0109375 0.025390625
0 0.8421875 0.2109375 0.009375 0.01953125