0 0.18671875 0.1875 0.0140625 0.03515625
0 0.4140625 0.1845703125 0.009375 0.033203125
0 0.4234375 0.197265625 0.009375 0.03125
0 0.43515625 0.1064453125 0.0109375 0.037109375
0 0.02734375 0.8427734375 0.0234375 0.041015625
0 0.79453125 0.7841796875 0.0140625 0.041015625
0 0.64765625 0.736328125 0.0109375 0.03515625
0 0.7796875 0.6689453125 0.009375 0.033203125
0 0.79921875 0.6669921875 0.0109375 0.033203125
0 0.78984375 0.6669921875 0.0078125 0.037109375
0 0.86640625 0.578125 0.0171875 0.04296875
0 0.759375 0.494140625 0.0125 0.0390625
0 0.75234375 0.521484375 0.0140625 0.0390625
0 0.65625 0.5693359375 0.015625 0.037109375
0 0.55 0.60546875 0.015625 0.03515625
0 0.51875 0.4921875 0.015625 0.03515625
0 0.52890625 0.4697265625 0.0140625 0.037109375
0 0.66953125 0.3623046875 0.0140625 0.037109375
0 0.58359375 0.39453125 0.0109375 0.03515625
0 0.87734375 0.0390625 0.0140625 0.04296875
0 0.85859375 0.01953125 0.0171875 0.0390625
0 0.83984375 0.025390625 0.0140625 0.046875
0 0.4875 0.3759765625 0.0125 0.037109375
4 0.7171875 0.09765625 0.078125 0.08984375