1 0.98515625 0.5185546875 0.0265625 0.060546875
1 0.66328125 0.453125 0.0796875 0.05078125
1 0.2796875 0.7294921875 0.078125 0.072265625
1 0.3078125 0.6708984375 0.075 0.064453125
1 0.334375 0.64453125 0.08125 0.06640625
1 0.365625 0.599609375 0.08125 0.06640625
1 0.37265625 0.5673828125 0.0640625 0.052734375
1 0.396875 0.552734375 0.078125 0.0625
1 0.41171875 0.5322265625 0.0828125 0.064453125
1 0.4265625 0.5107421875 0.0625 0.052734375
1 0.45078125 0.4912109375 0.0734375 0.056640625
1 0.49375 0.458984375 0.071875 0.06640625
1 0.5171875 0.4345703125 0.075 0.064453125
1 0.53671875 0.4169921875 0.0734375 0.060546875
1 0.7640625 0.404296875 0.0625 0.07421875
1 0.79609375 0.41796875 0.0640625 0.07421875
1 0.82578125 0.4375 0.0640625 0.07421875
1 0.8625 0.44921875 0.075 0.0859375
1 0.8984375 0.46484375 0.06875 0.078125
1 0.928125 0.48046875 0.071875 0.0859375
1 0.96171875 0.498046875 0.0734375 0.0859375