0 0.2234375 0.1142578125 0.0125 0.037109375
0 0.1578125 0.2890625 0.0125 0.0390625
0 0.03203125 0.2646484375 0.0140625 0.037109375
0 0.27421875 0.3681640625 0.0140625 0.033203125
0 0.30703125 0.359375 0.0109375 0.03515625
0 0.4 0.4140625 0.0125 0.03125
0 0.46875 0.3349609375 0.009375 0.037109375
0 0.43125 0.4814453125 0.0125 0.037109375
0 0.44453125 0.474609375 0.0109375 0.03515625
0 0.690625 0.861328125 0.01875 0.05078125
0 0.75703125 0.7158203125 0.0140625 0.041015625
0 0.94921875 0.623046875 0.0171875 0.0390625
0 0.90625 0.6474609375 0.0125 0.044921875
0 0.6078125 0.5390625 0.015625 0.0390625
4 0.5203125 0.10546875 0.071875 0.078125
0 0.6453125 0.03125 0.009375 0.03515625
0 0.65546875 0.0263671875 0.0078125 0.029296875
0 0.659375 0.0439453125 0.009375 0.029296875
0 0.71328125 0.017578125 0.0140625 0.03125
0 0.73125 0.03515625 0.009375 0.03515625
0 0.74140625 0.041015625 0.0109375 0.02734375
0 0.8484375 0.01953125 0.015625 0.03515625
0 0.86484375 0.0087890625 0.0109375 0.017578125
0 0.89765625 0.015625 0.0140625 0.03125
0 0.95078125 0.0068359375 0.0109375 0.013671875
0 0.78125 0.1708984375 0.0125 0.033203125