0 0.61875 0.0185546875 0.025 0.037109375
0 0.65625 0.0185546875 0.025 0.037109375
2 0.60625 0.056640625 0.0375 0.03515625
2 0.6640625 0.0556640625 0.04375 0.025390625
2 0.6296875 0.0791015625 0.046875 0.041015625
2 0.65390625 0.0908203125 0.0484375 0.041015625
2 0.66171875 0.125 0.0515625 0.05859375
2 0.7328125 0.337890625 0.04375 0.03515625
2 0.72421875 0.3759765625 0.0453125 0.037109375
2 0.8859375 0.46875 0.028125 0.0390625
2 0.765625 0.51171875 0.05 0.05078125
2 0.840625 0.4267578125 0.040625 0.041015625
2 0.71796875 0.529296875 0.0484375 0.0390625
2 0.6734375 0.5595703125 0.053125 0.060546875
2 0.8875 0.5068359375 0.053125 0.048828125
2 0.8375 0.53125 0.053125 0.05859375
2 0.740625 0.609375 0.046875 0.04296875
2 0.728125 0.572265625 0.04375 0.03515625
2 0.9203125 0.55859375 0.04375 0.0390625
2 0.92578125 0.58984375 0.0578125 0.0546875
2 0.69375 0.6572265625 0.05625 0.064453125
2 0.71875 0.6943359375 0.04375 0.056640625
2 0.71484375 0.7490234375 0.0328125 0.056640625
2 0.7171875 0.8125 0.025 0.0625
2 0.73203125 0.8583984375 0.0390625 0.064453125
2 0.7453125 0.88671875 0.04375 0.05859375
2 0.765625 0.9521484375 0.065625 0.083984375
1 0.1203125 0.177734375 0.146875 0.09375
1 0.290625 0.267578125 0.134375 0.08203125
1 0.31015625 0.349609375 0.1421875 0.09765625
1 0.15703125 0.384765625 0.1359375 0.09765625
1 0.16640625 0.4951171875 0.1390625 0.103515625
1 0.33359375 0.4921875 0.1421875 0.08203125
1 0.35859375 0.5859375 0.1390625 0.0703125
1 0.359375 0.6728515625 0.153125 0.095703125
1 0.371875 0.765625 0.15625 0.10546875