2 0.94296875 0.345703125 0.0484375 0.1171875
2 0.77734375 0.1787109375 0.0765625 0.068359375
2 0.775 0.2255859375 0.06875 0.060546875
2 0.70078125 0.373046875 0.0765625 0.06640625
2 0.79296875 0.53125 0.0671875 0.11328125
2 0.9671875 0.578125 0.059375 0.1171875
2 0.97734375 0.705078125 0.0328125 0.09765625
2 0.98203125 0.8447265625 0.0328125 0.103515625
2 0.578125 0.9560546875 0.0875 0.080078125
2 0.39765625 0.9736328125 0.0765625 0.044921875
2 0.30078125 0.9736328125 0.0578125 0.044921875
2 0.17265625 0.982421875 0.0328125 0.02734375
2 0.1171875 0.982421875 0.04375 0.02734375