0 0.82734375 0.2421875 0.0296875 0.0390625
0 0.990625 0.2841796875 0.015625 0.041015625
0 0.8484375 0.29296875 0.034375 0.0546875
0 0.9203125 0.3759765625 0.040625 0.044921875
0 0.7765625 0.384765625 0.025 0.04296875
0 0.83046875 0.4013671875 0.0234375 0.033203125
0 0.0625 0.44140625 0.046875 0.0625
0 0.10625 0.478515625 0.040625 0.05078125
0 0.0765625 0.490234375 0.028125 0.0390625
0 0.0328125 0.49609375 0.040625 0.0546875
0 0.0546875 0.537109375 0.04375 0.05859375
2 0.26953125 0.5693359375 0.0546875 0.087890625