3 0.4453125 0.060546875 0.1 0.12109375
1 0.55234375 0.984375 0.0703125 0.02734375
1 0.5875 0.951171875 0.10625 0.08984375
1 0.60859375 0.873046875 0.1109375 0.1015625
1 0.62421875 0.826171875 0.1046875 0.09375
1 0.64296875 0.7939453125 0.1046875 0.080078125
1 0.6578125 0.7470703125 0.103125 0.080078125
1 0.67265625 0.7119140625 0.0984375 0.080078125
1 0.69140625 0.67578125 0.1015625 0.0859375
1 0.740625 0.6123046875 0.109375 0.095703125
1 0.76171875 0.5703125 0.1015625 0.078125
1 0.778125 0.537109375 0.103125 0.08203125
1 0.94453125 0.580078125 0.0984375 0.05859375