2 0.83359375 0.015625 0.0453125 0.03125
2 0.8703125 0.0322265625 0.0625 0.041015625
2 0.875 0.091796875 0.071875 0.0625
2 0.9421875 0.4775390625 0.03125 0.025390625
2 0.953125 0.501953125 0.0625 0.046875
2 0.95859375 0.533203125 0.0671875 0.0546875
2 0.94765625 0.57421875 0.0828125 0.0625
2 0.971875 0.626953125 0.053125 0.02734375
2 0.97578125 0.6455078125 0.0453125 0.029296875
2 0.9796875 0.6875 0.0375 0.03515625
2 0.97734375 0.724609375 0.0421875 0.03515625
2 0.975 0.7607421875 0.046875 0.044921875
2 0.975 0.849609375 0.046875 0.0390625
2 0.98203125 0.89453125 0.0328125 0.02734375
2 0.9125 0.875 0.059375 0.05078125
2 0.92421875 0.9541015625 0.0515625 0.037109375
2 0.84765625 0.921875 0.0703125 0.06640625
1 0.11484375 0.142578125 0.1828125 0.125
1 0.3390625 0.3154296875 0.16875 0.103515625
1 0.3546875 0.4638671875 0.171875 0.107421875
1 0.1453125 0.5419921875 0.159375 0.119140625
1 0.1609375 0.7431640625 0.196875 0.138671875
1 0.3828125 0.7724609375 0.1875 0.115234375
1 0.3984375 0.94140625 0.165625 0.1015625