3 0.0796875 0.8408203125 0.090625 0.130859375
1 0.2609375 0.4775390625 0.046875 0.068359375
1 0.2265625 0.5439453125 0.05625 0.080078125
1 0.44921875 0.919921875 0.0828125 0.0703125
1 0.47109375 0.8857421875 0.0890625 0.072265625
1 0.49296875 0.8349609375 0.0890625 0.072265625
1 0.4953125 0.7958984375 0.075 0.064453125
1 0.5203125 0.775390625 0.090625 0.0703125
1 0.5296875 0.7470703125 0.0875 0.068359375
1 0.53671875 0.7216796875 0.0734375 0.060546875
1 0.55546875 0.697265625 0.0859375 0.0625
1 0.7640625 0.6318359375 0.084375 0.056640625
1 0.85546875 0.578125 0.0703125 0.08984375
1 0.89453125 0.5947265625 0.0640625 0.083984375
1 0.93125 0.6064453125 0.065625 0.080078125
1 0.9875 0.6494140625 0.021875 0.060546875
1 0.41875 0.9765625 0.06875 0.0390625
1 0.5953125 0.6533203125 0.0875 0.076171875
1 0.6140625 0.6259765625 0.0875 0.068359375
1 0.62734375 0.6025390625 0.0859375 0.068359375
1 0.96484375 0.626953125 0.0671875 0.08203125