2 0.3046875 0.0263671875 0.05625 0.052734375
2 0.259375 0.0908203125 0.0625 0.076171875
2 0.2921875 0.12890625 0.046875 0.078125
2 0.29453125 0.193359375 0.0328125 0.06640625
2 0.3046875 0.26171875 0.03125 0.07421875
2 0.3234375 0.3125 0.03125 0.07421875
2 0.340625 0.3349609375 0.040625 0.080078125
2 0.3703125 0.40625 0.075 0.0859375
2 0.390625 0.4794921875 0.059375 0.091796875
2 0.43828125 0.5986328125 0.0671875 0.091796875
2 0.7640625 0.8408203125 0.075 0.080078125
2 0.6921875 0.8681640625 0.065625 0.044921875
2 0.596875 0.8837890625 0.06875 0.068359375