1 0.07890625 0.3515625 0.1453125 0.1015625
1 0.403125 0.169921875 0.1375 0.0859375
1 0.4265625 0.380859375 0.128125 0.08984375
1 0.43203125 0.4873046875 0.1328125 0.083984375
1 0.565625 0.271484375 0.121875 0.078125
1 0.57109375 0.3427734375 0.1171875 0.052734375
1 0.5953125 0.4970703125 0.128125 0.060546875
1 0.609375 0.5947265625 0.11875 0.068359375
1 0.6046875 0.681640625 0.13125 0.0859375
1 0.621875 0.7783203125 0.153125 0.091796875
0 0.9609375 0.03125 0.025 0.05859375
0 0.9859375 0.029296875 0.025 0.05859375
2 0.9171875 0.060546875 0.021875 0.01953125
2 0.8984375 0.0810546875 0.0375 0.021484375
2 0.95546875 0.0810546875 0.0421875 0.029296875
2 0.91796875 0.109375 0.0359375 0.03125
2 0.9421875 0.1171875 0.04375 0.0390625
2 0.95234375 0.1494140625 0.0515625 0.052734375
2 0.93671875 0.5908203125 0.0515625 0.048828125
2 0.9796875 0.568359375 0.0375 0.0390625
2 0.9859375 0.61328125 0.025 0.03515625
2 0.990625 0.650390625 0.015625 0.03125
2 0.95546875 0.693359375 0.0546875 0.0625
2 0.978125 0.7333984375 0.040625 0.052734375
2 0.97109375 0.787109375 0.0265625 0.05859375
2 0.97265625 0.8486328125 0.0390625 0.068359375
2 0.98125 0.892578125 0.034375 0.046875
2 0.9875 0.9404296875 0.021875 0.037109375
2 0.99375 0.9794921875 0.009375 0.033203125