1 0.0328125 0.1298828125 0.065625 0.091796875
1 0.0546875 0.314453125 0.109375 0.1015625
1 0.17421875 0.05078125 0.1359375 0.09375
1 0.2109375 0.318359375 0.146875 0.09765625
1 0.25703125 0.47265625 0.1578125 0.08984375
1 0.2703125 0.625 0.184375 0.12890625
1 0.28359375 0.771484375 0.1921875 0.11328125
2 0.77734375 0.95703125 0.0453125 0.078125
2 0.75546875 0.90625 0.0765625 0.10546875
2 0.7375 0.8330078125 0.05 0.087890625
2 0.73359375 0.7294921875 0.0328125 0.080078125
2 0.73203125 0.6396484375 0.0703125 0.095703125
2 0.70546875 0.5751953125 0.0765625 0.083984375
2 0.76328125 0.4970703125 0.0703125 0.056640625
2 0.7515625 0.4384765625 0.053125 0.052734375
2 0.67578125 0.41015625 0.0671875 0.08203125
2 0.8359375 0.4423828125 0.05 0.048828125
2 0.79609375 0.333984375 0.0640625 0.05859375
2 0.8171875 0.373046875 0.059375 0.05078125
2 0.83203125 0.412109375 0.0453125 0.03515625
2 0.73203125 0.357421875 0.0515625 0.04296875
2 0.89296875 0.359375 0.0609375 0.05859375
2 0.9859375 0.4716796875 0.025 0.029296875
2 0.98671875 0.4404296875 0.0234375 0.029296875
2 0.98828125 0.4140625 0.0203125 0.02734375
2 0.96171875 0.3173828125 0.0640625 0.056640625
2 0.95390625 0.255859375 0.0390625 0.05078125
2 0.79609375 0.248046875 0.0546875 0.03515625
2 0.79140625 0.2216796875 0.0515625 0.029296875
2 0.80078125 0.19140625 0.0609375 0.04296875
2 0.78828125 0.1396484375 0.0578125 0.044921875
2 0.753125 0.1015625 0.059375 0.0390625
2 0.75234375 0.0458984375 0.0484375 0.056640625