3 0.171875 0.7861328125 0.090625 0.130859375
1 0.2640625 0.5966796875 0.05 0.064453125
1 0.22890625 0.669921875 0.0515625 0.078125
1 0.503125 0.9658203125 0.08125 0.064453125
1 0.509375 0.9345703125 0.075 0.064453125
1 0.53359375 0.9130859375 0.0890625 0.072265625
1 0.54296875 0.8818359375 0.0890625 0.072265625
1 0.55546875 0.8544921875 0.0859375 0.072265625
1 0.5734375 0.828125 0.090625 0.0703125
1 0.615625 0.787109375 0.090625 0.08203125
1 0.63046875 0.75390625 0.0890625 0.07421875
1 0.646875 0.7255859375 0.084375 0.064453125
1 0.78515625 0.759765625 0.0828125 0.05859375
1 0.8859375 0.701171875 0.078125 0.1015625
1 0.92265625 0.716796875 0.0734375 0.09375
1 0.95859375 0.734375 0.0734375 0.08984375
1 0.9828125 0.7607421875 0.03125 0.060546875