2 0.4140625 0.859375 0.05625 0.09375
2 0.3953125 0.779296875 0.0875 0.11328125
2 0.365625 0.7021484375 0.040625 0.076171875
2 0.3453125 0.666015625 0.053125 0.0859375
2 0.325 0.61328125 0.028125 0.0703125
2 0.315625 0.5341796875 0.0375 0.076171875
2 0.31015625 0.466796875 0.0578125 0.08203125
2 0.28046875 0.4228515625 0.0703125 0.083984375
2 0.3234375 0.3564453125 0.059375 0.056640625
2 0.30703125 0.310546875 0.0515625 0.046875
2 0.24296875 0.2958984375 0.0578125 0.068359375
2 0.2875 0.25390625 0.059375 0.0625
2 0.35 0.2294921875 0.071875 0.080078125
2 0.38203125 0.2919921875 0.0453125 0.048828125
2 0.4296875 0.232421875 0.059375 0.05859375
2 0.5234375 0.2587890625 0.059375 0.052734375
2 0.528125 0.294921875 0.0625 0.05859375
2 0.48203125 0.1923828125 0.0640625 0.060546875
2 0.4703125 0.140625 0.046875 0.06640625
2 0.33203125 0.1123046875 0.0546875 0.041015625
2 0.32890625 0.083984375 0.0453125 0.03515625
2 0.3046875 0.072265625 0.021875 0.046875
2 0.28671875 0.0517578125 0.0515625 0.052734375
2 0.28359375 0.015625 0.0328125 0.03125