1 0.24609375 0.4541015625 0.1109375 0.056640625
1 0.01484375 0.560546875 0.0296875 0.0625
1 0.24140625 0.587890625 0.0890625 0.0625
1 0.2375 0.662109375 0.11875 0.0703125
1 0.35703125 0.5224609375 0.0796875 0.052734375
1 0.3546875 0.5771484375 0.0875 0.060546875
1 0.3546875 0.673828125 0.090625 0.0546875
1 0.36015625 0.7333984375 0.0859375 0.048828125
1 0.35078125 0.7900390625 0.0984375 0.056640625
1 0.34921875 0.8515625 0.1078125 0.05859375
2 0.67109375 0.43359375 0.0234375 0.03125
2 0.69296875 0.462890625 0.0328125 0.02734375
2 0.6921875 0.4384765625 0.028125 0.025390625
2 0.71015625 0.4150390625 0.0390625 0.025390625
2 0.82109375 0.7138671875 0.0296875 0.056640625
2 0.77109375 0.7412109375 0.0453125 0.044921875
2 0.72109375 0.6044921875 0.0140625 0.033203125
2 0.70078125 0.6337890625 0.0203125 0.029296875
2 0.6640625 0.732421875 0.015625 0.02734375
2 0.73203125 0.6708984375 0.0171875 0.029296875
2 0.8234375 0.78125 0.01875 0.03515625
2 0.63359375 0.8505859375 0.0203125 0.033203125
2 0.63359375 0.8896484375 0.0234375 0.037109375
2 0.703125 0.7236328125 0.015625 0.021484375
2 0.63125 0.8125 0.040625 0.04296875
2 0.62265625 0.916015625 0.0265625 0.03515625
2 0.63359375 0.9443359375 0.0234375 0.033203125
2 0.6671875 0.7568359375 0.028125 0.017578125
2 0.72421875 0.451171875 0.0171875 0.02734375
2 0.8453125 0.775390625 0.01875 0.0390625