1 0.1625 0.962890625 0.13125 0.06640625
1 0.1765625 0.8984375 0.140625 0.09765625
1 0.18671875 0.828125 0.1328125 0.08203125
1 0.20546875 0.759765625 0.1359375 0.09375
1 0.21953125 0.6884765625 0.1359375 0.099609375
1 0.26875 0.5576171875 0.134375 0.103515625
1 0.2890625 0.48828125 0.128125 0.1015625
1 0.30390625 0.4248046875 0.1296875 0.095703125
1 0.5203125 0.4482421875 0.128125 0.087890625
1 0.65703125 0.28515625 0.0953125 0.15234375
1 0.71640625 0.30859375 0.0984375 0.15234375
1 0.77265625 0.341796875 0.0984375 0.1484375
1 0.83125 0.3701171875 0.1 0.166015625
1 0.89921875 0.3984375 0.0984375 0.15625
1 0.9515625 0.4228515625 0.09375 0.154296875