1 0.04765625 0.44921875 0.0953125 0.06640625
1 0.27421875 0.1064453125 0.0953125 0.052734375
1 0.16328125 0.0986328125 0.1015625 0.052734375
1 0.19375 0.0302734375 0.103125 0.052734375
1 0.49765625 0.18359375 0.0921875 0.05078125
1 0.50390625 0.1328125 0.0796875 0.046875
1 0.51171875 0.0361328125 0.0921875 0.052734375
1 0.59296875 0.2001953125 0.0671875 0.037109375
1 0.59453125 0.2431640625 0.0703125 0.037109375
1 0.590625 0.2861328125 0.08125 0.037109375
1 0.57421875 0.322265625 0.0671875 0.0390625
1 0.60703125 0.0869140625 0.0609375 0.025390625
0 0.27890625 0.810546875 0.0296875 0.0703125
2 0.8296875 0.470703125 0.0375 0.04296875
2 0.8234375 0.396484375 0.0375 0.04296875
2 0.82578125 0.443359375 0.0328125 0.03515625
2 0.89921875 0.046875 0.0328125 0.03125
2 0.88671875 0.03125 0.0265625 0.0234375
2 0.83359375 0.5244140625 0.0234375 0.025390625