3 0.26328125 0.1640625 0.0890625 0.13671875
3 0.12578125 0.4169921875 0.1328125 0.205078125
3 0.359375 0.0986328125 0.109375 0.197265625
1 0.3015625 0.0771484375 0.065625 0.087890625
1 0.89453125 0.205078125 0.0921875 0.05078125
1 0.52265625 0.626953125 0.1078125 0.09765625
1 0.54453125 0.548828125 0.1015625 0.08984375
1 0.57265625 0.5107421875 0.1015625 0.087890625
1 0.59375 0.4423828125 0.1 0.087890625
1 0.603125 0.40234375 0.084375 0.078125
1 0.62265625 0.3759765625 0.0984375 0.083984375
1 0.634375 0.3447265625 0.103125 0.083984375
1 0.6515625 0.314453125 0.090625 0.07421875
1 0.66640625 0.2822265625 0.0953125 0.076171875
1 0.7140625 0.23046875 0.096875 0.0859375
1 0.73125 0.1953125 0.090625 0.07421875
1 0.74765625 0.1669921875 0.0921875 0.076171875