1 0.03828125 0.5224609375 0.0765625 0.087890625
1 0.04140625 0.4443359375 0.0828125 0.076171875
1 0.0515625 0.3818359375 0.103125 0.072265625
1 0.26640625 0.408203125 0.1265625 0.09765625
1 0.40234375 0.2470703125 0.1078125 0.158203125
1 0.46171875 0.267578125 0.1046875 0.15625
1 0.51953125 0.30078125 0.1046875 0.15625
1 0.578125 0.330078125 0.11875 0.17578125
1 0.6421875 0.35546875 0.1 0.16015625
1 0.6953125 0.384765625 0.09375 0.1640625
1 0.76015625 0.412109375 0.1078125 0.16796875
1 0.8265625 0.431640625 0.10625 0.1640625
1 0.93046875 0.4814453125 0.0890625 0.158203125
1 0.97734375 0.5087890625 0.0421875 0.142578125