1 0.18984375 0.888671875 0.1453125 0.20703125
1 0.296875 0.7587890625 0.11875 0.173828125
1 0.365625 0.703125 0.11875 0.17578125
1 0.46015625 0.583984375 0.1265625 0.171875
1 0.51015625 0.5263671875 0.1265625 0.173828125
1 0.56171875 0.4794921875 0.1265625 0.173828125
1 0.609375 0.423828125 0.13125 0.16796875
1 0.66484375 0.3818359375 0.1328125 0.169921875
1 0.71328125 0.3271484375 0.1203125 0.166015625
1 0.8359375 0.248046875 0.125 0.171875
1 0.89375 0.19921875 0.11875 0.1640625
1 0.94140625 0.154296875 0.1140625 0.15625