3 0.13671875 0.2890625 0.1828125 0.3203125
2 0.51484375 0.412109375 0.0296875 0.046875
1 0.946875 0.6875 0.096875 0.05859375
1 0.6 0.974609375 0.09375 0.04296875
1 0.6171875 0.9462890625 0.11875 0.099609375
1 0.6375 0.9072265625 0.115625 0.091796875
1 0.6515625 0.8662109375 0.1125 0.087890625
1 0.671875 0.828125 0.1125 0.08984375
1 0.6859375 0.7861328125 0.10625 0.080078125
1 0.73828125 0.720703125 0.1109375 0.1015625
1 0.75703125 0.6806640625 0.1046875 0.087890625
1 0.77421875 0.6435546875 0.1046875 0.087890625