3 0.41328125 0.1103515625 0.1296875 0.220703125
3 0.27734375 0.2568359375 0.0859375 0.142578125
3 0.17421875 0.431640625 0.1265625 0.19921875
1 0.38046875 0.0322265625 0.0484375 0.064453125
1 0.525 0.7822265625 0.1125 0.103515625
1 0.55078125 0.6962890625 0.1015625 0.087890625
1 0.578125 0.65234375 0.10625 0.09375
1 0.6015625 0.5791015625 0.103125 0.087890625
1 0.61171875 0.541015625 0.0984375 0.0859375
1 0.63046875 0.509765625 0.1046875 0.0859375
1 0.64375 0.4775390625 0.1 0.080078125
1 0.659375 0.4453125 0.1 0.08203125
1 0.67578125 0.4111328125 0.0953125 0.080078125
1 0.72265625 0.35546875 0.1046875 0.08984375
1 0.7421875 0.3203125 0.096875 0.08203125
1 0.76015625 0.2919921875 0.0984375 0.083984375
1 0.9140625 0.3310546875 0.09375 0.052734375