3 0.33203125 0.2392578125 0.1296875 0.197265625
1 0.0234375 0.4833984375 0.046875 0.115234375
1 0.09375 0.849609375 0.071875 0.109375
1 0.52109375 0.9716796875 0.0765625 0.048828125
1 0.56015625 0.890625 0.1046875 0.0859375
1 0.58828125 0.841796875 0.1078125 0.09375
1 0.6125 0.765625 0.109375 0.0859375
1 0.625 0.72265625 0.1 0.0859375
1 0.6421875 0.6845703125 0.10625 0.087890625
1 0.65625 0.6484375 0.103125 0.08203125
1 0.66953125 0.61328125 0.1015625 0.08203125
1 0.68984375 0.578125 0.0984375 0.078125
1 0.7390625 0.517578125 0.103125 0.08984375
1 0.75703125 0.4794921875 0.0984375 0.080078125
1 0.77421875 0.4453125 0.0984375 0.078125
1 0.9375 0.4873046875 0.096875 0.064453125