1 0.19140625 0.8798828125 0.1421875 0.103515625
1 0.2125 0.728515625 0.125 0.09375
1 0.2390625 0.650390625 0.13125 0.10546875
1 0.25546875 0.513671875 0.1328125 0.1015625
1 0.26796875 0.453125 0.1296875 0.1015625
1 0.28359375 0.388671875 0.1296875 0.1015625
1 0.29609375 0.3271484375 0.1265625 0.087890625
1 0.31171875 0.267578125 0.1234375 0.08984375
1 0.33125 0.2041015625 0.128125 0.103515625
1 0.38203125 0.0927734375 0.1296875 0.111328125
1 0.40234375 0.0341796875 0.1109375 0.068359375
1 0.62578125 0.0224609375 0.1171875 0.044921875
1 0.9703125 0.01953125 0.053125 0.0390625