1 0.04375 0.2939453125 0.0875 0.087890625
1 0.04765625 0.3818359375 0.0953125 0.087890625
1 0.0703125 0.5283203125 0.125 0.095703125
1 0.10546875 0.61328125 0.1171875 0.078125
1 0.11953125 0.70703125 0.1484375 0.09375
1 0.1296875 0.7958984375 0.13125 0.099609375
0 0.3140625 0.0341796875 0.01875 0.056640625
0 0.3515625 0.025390625 0.025 0.05078125
2 0.353125 0.068359375 0.04375 0.03125
2 0.40703125 0.0615234375 0.0390625 0.029296875
2 0.39140625 0.0498046875 0.0390625 0.029296875
2 0.4375 0.0869140625 0.03125 0.072265625
2 0.36953125 0.09765625 0.0359375 0.0390625
2 0.396875 0.1005859375 0.046875 0.041015625
2 0.40703125 0.1318359375 0.0515625 0.052734375
2 0.490625 0.3427734375 0.05 0.041015625
2 0.48203125 0.38671875 0.0328125 0.0390625
2 0.6328125 0.458984375 0.046875 0.04296875
2 0.52421875 0.5087890625 0.0515625 0.044921875
2 0.59609375 0.4873046875 0.0453125 0.041015625
2 0.4765625 0.5283203125 0.040625 0.029296875
2 0.4375 0.564453125 0.05625 0.0625
2 0.6015625 0.521484375 0.05625 0.0546875
2 0.6828125 0.5478515625 0.04375 0.037109375
2 0.68671875 0.5576171875 0.0453125 0.037109375
2 0.48984375 0.572265625 0.0453125 0.03515625
2 0.50859375 0.611328125 0.0546875 0.0546875
2 0.653125 0.5009765625 0.05625 0.052734375
2 0.465625 0.6611328125 0.059375 0.068359375
2 0.4875 0.7021484375 0.0375 0.060546875
2 0.4890625 0.763671875 0.03125 0.05078125
2 0.49296875 0.8154296875 0.0234375 0.060546875
2 0.509375 0.85546875 0.03125 0.05859375
2 0.5234375 0.8916015625 0.0375 0.052734375
2 0.54375 0.9482421875 0.0625 0.080078125
2 0.5671875 0.9873046875 0.03125 0.017578125