1 0.03984375 0.9423828125 0.0796875 0.083984375
1 0.046875 0.86328125 0.09375 0.08203125
1 0.053125 0.7919921875 0.10625 0.076171875
1 0.0625 0.728515625 0.125 0.078125
1 0.0765625 0.6513671875 0.134375 0.091796875
1 0.1328125 0.5224609375 0.1375 0.107421875
1 0.15390625 0.4521484375 0.1359375 0.099609375
1 0.16875 0.3896484375 0.128125 0.103515625
1 0.390625 0.412109375 0.121875 0.09375
1 0.525 0.2529296875 0.096875 0.150390625
1 0.58671875 0.2724609375 0.1015625 0.154296875
1 0.64140625 0.3076171875 0.1015625 0.154296875
1 0.7 0.3349609375 0.109375 0.166015625
1 0.7671875 0.361328125 0.096875 0.15625
1 0.82265625 0.388671875 0.0984375 0.16015625
1 0.88828125 0.416015625 0.1015625 0.15625
1 0.9484375 0.443359375 0.1 0.15625