1 0.1703125 0.40625 0.13125 0.1015625
1 0.31015625 0.24609375 0.1015625 0.15625
1 0.36953125 0.271484375 0.1046875 0.15234375
1 0.42421875 0.306640625 0.1046875 0.15625
1 0.4828125 0.33203125 0.109375 0.17578125
1 0.55 0.359375 0.1 0.16015625
1 0.6015625 0.38671875 0.096875 0.16015625
1 0.665625 0.4140625 0.103125 0.16015625
1 0.7328125 0.43359375 0.10625 0.15625
1 0.834375 0.4853515625 0.096875 0.158203125
1 0.89921875 0.513671875 0.0984375 0.1640625
1 0.95390625 0.5419921875 0.0890625 0.154296875
1 0.984375 0.595703125 0.028125 0.1015625