1 0.321875 0.3095703125 0.08125 0.060546875
1 0.33671875 0.263671875 0.0671875 0.05078125
1 0.35546875 0.2412109375 0.0734375 0.056640625
1 0.36953125 0.2060546875 0.0734375 0.056640625
1 0.37734375 0.185546875 0.0578125 0.04296875
1 0.38984375 0.1708984375 0.0671875 0.044921875
1 0.39921875 0.1533203125 0.0671875 0.044921875
1 0.40625 0.134765625 0.053125 0.0390625
1 0.4203125 0.1220703125 0.0625 0.044921875
1 0.44765625 0.0888671875 0.0546875 0.041015625
1 0.465625 0.0732421875 0.0625 0.044921875
1 0.4859375 0.05859375 0.05625 0.04296875
1 0.58203125 0.076171875 0.0640625 0.046875
1 0.65703125 0.041015625 0.0515625 0.0625
1 0.68515625 0.048828125 0.0484375 0.05859375
1 0.71171875 0.0595703125 0.0515625 0.064453125
1 0.74296875 0.068359375 0.0578125 0.0703125
1 0.775 0.078125 0.05625 0.07421875
1 0.8 0.0908203125 0.053125 0.076171875
1 0.8328125 0.099609375 0.05625 0.07421875
1 0.86640625 0.103515625 0.0546875 0.0703125
1 0.9171875 0.1220703125 0.053125 0.072265625
1 0.946875 0.1337890625 0.053125 0.072265625
1 0.9734375 0.142578125 0.05 0.06640625
1 0.99140625 0.154296875 0.0140625 0.046875
1 0.1328125 0.0537109375 0.040625 0.044921875