1 0.04765625 0.318359375 0.0421875 0.05078125
1 0.0203125 0.3779296875 0.040625 0.056640625
1 0.22109375 0.748046875 0.0921875 0.0703125
1 0.2390625 0.689453125 0.0875 0.0625
1 0.2609375 0.6611328125 0.084375 0.060546875
1 0.2765625 0.6123046875 0.084375 0.064453125
1 0.2796875 0.58203125 0.078125 0.05859375
1 0.2984375 0.5634765625 0.084375 0.060546875
1 0.30546875 0.5390625 0.0859375 0.05859375
1 0.3171875 0.513671875 0.078125 0.0546875
1 0.33359375 0.4951171875 0.0796875 0.064453125
1 0.36796875 0.455078125 0.0796875 0.0703125
1 0.384375 0.4296875 0.078125 0.0625
1 0.3953125 0.408203125 0.08125 0.0625
1 0.5234375 0.4306640625 0.071875 0.048828125
1 0.60703125 0.3759765625 0.0640625 0.083984375
1 0.64140625 0.388671875 0.0640625 0.08203125
1 0.67421875 0.404296875 0.0671875 0.0859375
1 0.709375 0.4140625 0.06875 0.0859375
1 0.74765625 0.423828125 0.0640625 0.08203125
1 0.778125 0.4365234375 0.0625 0.080078125
1 0.8140625 0.447265625 0.065625 0.08203125
1 0.85234375 0.455078125 0.0609375 0.078125
1 0.91171875 0.4775390625 0.0609375 0.083984375
1 0.95078125 0.4912109375 0.0578125 0.080078125
1 0.978125 0.5068359375 0.040625 0.068359375