1 0.2625 0.962890625 0.11875 0.06640625
1 0.27890625 0.84765625 0.1265625 0.08984375
1 0.29140625 0.7919921875 0.1265625 0.107421875
1 0.3078125 0.7353515625 0.121875 0.083984375
1 0.3203125 0.6806640625 0.121875 0.083984375
1 0.3375 0.6298828125 0.11875 0.083984375
1 0.3515625 0.5732421875 0.11875 0.091796875
1 0.4015625 0.4794921875 0.11875 0.103515625
1 0.41953125 0.419921875 0.1171875 0.09375
1 0.4359375 0.373046875 0.115625 0.08984375
1 0.628125 0.40625 0.1125 0.08203125
1 0.75 0.2841796875 0.0875 0.134765625
1 0.80703125 0.3046875 0.0890625 0.125
1 0.85546875 0.333984375 0.0921875 0.12890625
1 0.909375 0.357421875 0.1 0.14453125
1 0.965625 0.3818359375 0.065625 0.107421875