2 0.040625 0.1259765625 0.08125 0.107421875
2 0.034375 0.224609375 0.06875 0.1015625
2 0.15 0.162109375 0.06875 0.10546875
2 0.1703125 0.173828125 0.06875 0.1015625
2 0.190625 0.203125 0.059375 0.09375
2 0.01796875 0.3486328125 0.0359375 0.056640625
2 0.05078125 0.3486328125 0.0484375 0.099609375
2 0.04453125 0.4833984375 0.0796875 0.103515625
2 0.13046875 0.6416015625 0.0609375 0.107421875
2 0.0609375 0.69921875 0.075 0.12109375
2 0.20078125 0.71484375 0.0859375 0.09765625
2 0.27890625 0.794921875 0.0828125 0.109375
2 0.35390625 0.8349609375 0.0890625 0.130859375
2 0.40234375 0.8544921875 0.0609375 0.103515625
2 0.5015625 0.9189453125 0.090625 0.076171875
2 0.584375 0.9658203125 0.046875 0.060546875