0 0.8921875 0.1162109375 0.025 0.056640625
0 0.7140625 0.1220703125 0.028125 0.037109375
0 0.88515625 0.162109375 0.0234375 0.03515625
0 0.9484375 0.1904296875 0.028125 0.044921875
0 0.84921875 0.244140625 0.0359375 0.0546875
0 0.88515625 0.2685546875 0.0390625 0.048828125
0 0.06640625 0.23828125 0.0234375 0.0390625
0 0.04140625 0.2353515625 0.0234375 0.033203125
0 0.025 0.169921875 0.01875 0.0390625
0 0.009375 0.236328125 0.01875 0.04296875
0 0.009375 0.2763671875 0.01875 0.041015625
2 0.25859375 0.40234375 0.0515625 0.0859375