2 0.67109375 0.9267578125 0.0296875 0.099609375
2 0.69765625 0.974609375 0.0390625 0.04296875
2 0.66015625 0.806640625 0.0390625 0.09375
2 0.65546875 0.701171875 0.0671875 0.10546875
2 0.6203125 0.625 0.078125 0.08203125
2 0.58046875 0.421875 0.0765625 0.08203125
2 0.66015625 0.4501953125 0.0515625 0.044921875
2 0.76328125 0.447265625 0.0609375 0.04296875
2 0.74375 0.4150390625 0.05625 0.052734375
2 0.72890625 0.3681640625 0.0734375 0.064453125
2 0.70625 0.3310546875 0.071875 0.072265625
2 0.6421875 0.3642578125 0.08125 0.068359375
2 0.93828125 0.4677734375 0.0609375 0.041015625
2 0.94140625 0.4306640625 0.0671875 0.044921875
2 0.93828125 0.40234375 0.0703125 0.05078125
2 0.815625 0.3515625 0.078125 0.07421875
2 0.8015625 0.2939453125 0.078125 0.068359375
2 0.88359375 0.2939453125 0.0734375 0.052734375
2 0.86640625 0.2265625 0.0765625 0.0859375
2 0.8625 0.1806640625 0.075 0.080078125
2 0.703125 0.234375 0.0875 0.06640625
2 0.7046875 0.1904296875 0.075 0.052734375
2 0.70859375 0.1494140625 0.0859375 0.052734375
2 0.6890625 0.1103515625 0.071875 0.052734375
2 0.678125 0.0771484375 0.06875 0.048828125
2 0.6453125 0.0439453125 0.06875 0.048828125
2 0.65234375 0.0126953125 0.0640625 0.025390625
1 0.17421875 0.9052734375 0.2203125 0.154296875
1 0.1421875 0.7265625 0.1875 0.14453125
1 0.1125 0.5458984375 0.165625 0.123046875
1 0.0671875 0.3642578125 0.134375 0.103515625
1 0.0296875 0.0361328125 0.059375 0.072265625