2 0.11328125 0.771484375 0.0921875 0.109375
2 0.21171875 0.7783203125 0.0953125 0.111328125
2 0.328125 0.7822265625 0.078125 0.107421875
2 0.375 0.7685546875 0.1 0.111328125
2 0.459375 0.7705078125 0.090625 0.087890625
2 0.5578125 0.79296875 0.0875 0.07421875
2 0.64609375 0.8251953125 0.0703125 0.091796875
2 0.90703125 0.81640625 0.0515625 0.09765625
2 0.78359375 0.916015625 0.0484375 0.109375
2 0.8546875 0.919921875 0.046875 0.109375
2 0.9375 0.916015625 0.05625 0.109375
2 0.94921875 0.9794921875 0.0296875 0.033203125
2 0.91015625 0.9853515625 0.0203125 0.021484375
1 0.60859375 0.1669921875 0.1109375 0.279296875
1 0.7671875 0.1572265625 0.084375 0.240234375
1 0.93671875 0.154296875 0.1015625 0.1953125