2 0.81484375 0.8984375 0.0328125 0.06640625
2 0.82734375 0.8955078125 0.0328125 0.068359375
2 0.83828125 0.8935546875 0.0328125 0.068359375
2 0.85078125 0.8896484375 0.0328125 0.068359375
2 0.86015625 0.8837890625 0.0328125 0.068359375
2 0.86953125 0.8857421875 0.0328125 0.068359375
2 0.88671875 0.8837890625 0.0328125 0.068359375
2 0.90546875 0.876953125 0.0296875 0.0703125
2 0.9640625 0.859375 0.028125 0.0625
0 0.13984375 0.8037109375 0.0328125 0.083984375
3 0.68359375 0.0595703125 0.3484375 0.119140625