0 0.3390625 0.2431640625 0.01875 0.033203125
0 0.35078125 0.2470703125 0.0140625 0.048828125
0 0.415625 0.275390625 0.015625 0.04296875
0 0.43125 0.234375 0.01875 0.05078125
0 0.40390625 0.2861328125 0.0140625 0.037109375
0 0.3875 0.2900390625 0.01875 0.037109375
0 0.31640625 0.5634765625 0.0171875 0.025390625
0 0.33046875 0.5361328125 0.0140625 0.021484375
0 0.45859375 0.5849609375 0.0140625 0.041015625
0 0.41484375 0.572265625 0.0234375 0.04296875
0 0.3953125 0.591796875 0.01875 0.05859375
0 0.4109375 0.611328125 0.015625 0.03515625
0 0.4203125 0.62109375 0.015625 0.03515625
0 0.41953125 0.662109375 0.0140625 0.0234375
0 0.71171875 0.6884765625 0.0203125 0.041015625
0 0.765625 0.703125 0.01875 0.04296875