0 0.8125 0.2197265625 0.0125 0.037109375
0 0.80234375 0.2373046875 0.0109375 0.037109375
0 0.78125 0.2490234375 0.015625 0.037109375
0 0.7484375 0.232421875 0.0125 0.02734375
0 0.75234375 0.25390625 0.0171875 0.02734375
0 0.72421875 0.2177734375 0.0140625 0.029296875
0 0.6984375 0.201171875 0.015625 0.03515625
0 0.67734375 0.2158203125 0.0140625 0.029296875
0 0.671875 0.2431640625 0.0125 0.029296875
0 0.653125 0.228515625 0.0125 0.03125
0 0.49296875 0.634765625 0.0171875 0.03125
0 0.48984375 0.662109375 0.0171875 0.03515625
0 0.46875 0.6513671875 0.015625 0.029296875
0 0.478125 0.6796875 0.0125 0.03515625
0 0.4609375 0.6787109375 0.009375 0.029296875
0 0.44375 0.6572265625 0.015625 0.041015625
0 0.41875 0.669921875 0.01875 0.04296875
0 0.546875 0.8681640625 0.01875 0.037109375
0 0.521875 0.8525390625 0.015625 0.037109375
0 0.540625 0.904296875 0.01875 0.0390625
0 0.48515625 0.88671875 0.0171875 0.03125
0 0.4875 0.9111328125 0.015625 0.033203125
0 0.46953125 0.9033203125 0.0140625 0.033203125
1 0.0546875 0.185546875 0.065625 0.0703125
1 0.0296875 0.17578125 0.059375 0.0625
1 0.0078125 0.1484375 0.015625 0.03125