2 0.8796875 0.3125 0.053125 0.07421875
2 0.853125 0.34375 0.053125 0.07421875
2 0.825 0.392578125 0.05 0.07421875
2 0.7984375 0.41796875 0.06875 0.0625
2 0.71796875 0.5478515625 0.0546875 0.072265625
2 0.70234375 0.5810546875 0.0546875 0.072265625
2 0.671875 0.60546875 0.0625 0.08203125
2 0.6234375 0.701171875 0.05625 0.07421875
2 0.58359375 0.771484375 0.0546875 0.06640625
2 0.575 0.7919921875 0.05625 0.060546875
2 0.56328125 0.8046875 0.0453125 0.05078125
2 0.54921875 0.8203125 0.0453125 0.05078125
2 0.54296875 0.830078125 0.0453125 0.05078125
2 0.53515625 0.83984375 0.0453125 0.05078125
2 0.525 0.8525390625 0.05 0.056640625
2 0.5125 0.8642578125 0.05 0.056640625
3 0.121875 0.5048828125 0.2 0.267578125