0 0.80078125 0.66796875 0.0171875 0.03515625
0 0.7390625 0.6474609375 0.021875 0.048828125
0 0.68984375 0.6376953125 0.0234375 0.048828125
0 0.62734375 0.609375 0.0203125 0.0390625
0 0.5859375 0.6015625 0.01875 0.03125
0 0.6640625 0.6953125 0.025 0.05078125
0 0.6453125 0.673828125 0.021875 0.04296875
0 0.62421875 0.68359375 0.0234375 0.03515625
0 0.696875 0.1875 0.025 0.046875
0 0.6828125 0.2421875 0.021875 0.0390625
0 0.64609375 0.162109375 0.0203125 0.0390625
0 0.63125 0.1435546875 0.01875 0.044921875
0 0.64609375 0.2509765625 0.0296875 0.044921875
0 0.63359375 0.2275390625 0.0171875 0.037109375
0 0.584375 0.251953125 0.028125 0.046875