0 0.5375 0.384765625 0.015625 0.05078125
0 0.521875 0.3857421875 0.01875 0.037109375
0 0.5109375 0.3759765625 0.01875 0.037109375
0 0.503125 0.4130859375 0.028125 0.037109375
0 0.409375 0.3837890625 0.021875 0.029296875
0 0.8515625 0.51171875 0.01875 0.04296875
0 0.8109375 0.51953125 0.01875 0.046875
0 0.4765625 0.0732421875 0.021875 0.037109375
0 0.51171875 0.0908203125 0.0140625 0.041015625
0 0.51640625 0.119140625 0.0171875 0.02734375
0 0.48203125 0.1474609375 0.0171875 0.037109375
0 0.46875 0.1376953125 0.015625 0.037109375
0 0.4421875 0.130859375 0.021875 0.046875
0 0.41796875 0.09765625 0.0140625 0.0390625