0 0.78828125 0.0517578125 0.0296875 0.048828125
0 0.68046875 0.107421875 0.0203125 0.04296875
0 0.571875 0.1826171875 0.021875 0.037109375
0 0.54921875 0.1982421875 0.0234375 0.041015625
0 0.66484375 0.2041015625 0.0140625 0.041015625
0 0.67265625 0.2626953125 0.0203125 0.041015625
0 0.628125 0.294921875 0.021875 0.04296875
0 0.690625 0.4033203125 0.01875 0.037109375
0 0.48515625 0.75390625 0.0203125 0.03515625
0 0.68828125 0.818359375 0.0359375 0.046875
0 0.6796875 0.8427734375 0.021875 0.029296875
0 0.6515625 0.880859375 0.03125 0.03125
0 0.68984375 0.921875 0.0234375 0.03515625
0 0.73984375 0.8857421875 0.0171875 0.037109375
0 0.840625 0.869140625 0.021875 0.0390625