0 0.6125 0.033203125 0.028125 0.04296875
0 0.50390625 0.0361328125 0.0171875 0.033203125
0 0.484375 0.0419921875 0.01875 0.037109375
0 0.55859375 0.091796875 0.0203125 0.0390625
0 0.509375 0.103515625 0.01875 0.04296875
0 0.5734375 0.15234375 0.021875 0.0390625
0 0.5734375 0.2041015625 0.028125 0.048828125
0 0.4453125 0.564453125 0.028125 0.05078125
0 0.809375 0.693359375 0.03125 0.046875
0 0.76640625 0.697265625 0.0265625 0.04296875
0 0.69296875 0.755859375 0.0328125 0.046875
0 0.76796875 0.7919921875 0.0328125 0.044921875
0 0.815625 0.8251953125 0.034375 0.048828125