0 0.48203125 0.3623046875 0.0265625 0.048828125
0 0.85625 0.48046875 0.015625 0.0546875
0 0.6203125 0.3759765625 0.025 0.041015625
0 0.6640625 0.443359375 0.01875 0.02734375
0 0.6546875 0.4736328125 0.0125 0.021484375
0 0.69921875 0.5068359375 0.0203125 0.052734375
0 0.7296875 0.533203125 0.034375 0.05859375
0 0.69296875 0.5732421875 0.0234375 0.041015625
0 0.8234375 0.544921875 0.025 0.046875
0 0.83671875 0.576171875 0.0140625 0.04296875
0 0.78359375 0.029296875 0.0171875 0.04296875
0 0.76484375 0.03125 0.0171875 0.05078125