2 0.5953125 0.8388671875 0.053125 0.076171875
2 0.6078125 0.8291015625 0.05 0.072265625
2 0.61875 0.8212890625 0.05 0.072265625
2 0.625 0.8095703125 0.05 0.072265625
2 0.640625 0.8037109375 0.05 0.072265625
2 0.6484375 0.7919921875 0.05 0.072265625
2 0.6671875 0.78515625 0.053125 0.06640625
2 0.6796875 0.765625 0.05 0.06640625
2 0.7296875 0.70703125 0.04375 0.0703125
2 0.79453125 0.625 0.0515625 0.08203125
2 0.82421875 0.603515625 0.0515625 0.08203125
2 0.846875 0.5771484375 0.053125 0.076171875
2 0.9453125 0.470703125 0.06875 0.06640625
2 0.975 0.44921875 0.04375 0.0703125