2 0.82734375 0.0439453125 0.0578125 0.076171875
2 0.803125 0.0830078125 0.059375 0.076171875
2 0.77734375 0.0947265625 0.0453125 0.076171875
2 0.7734375 0.1455078125 0.05625 0.064453125
2 0.75 0.173828125 0.065625 0.046875
2 0.6921875 0.330078125 0.05625 0.0625
2 0.6734375 0.365234375 0.059375 0.06640625
2 0.64921875 0.3994140625 0.0640625 0.068359375
2 0.615625 0.5068359375 0.059375 0.064453125
2 0.58203125 0.5810546875 0.0578125 0.060546875
2 0.571875 0.603515625 0.0625 0.05078125
2 0.5703125 0.625 0.04375 0.0390625
2 0.56015625 0.64453125 0.0515625 0.05078125
2 0.5484375 0.6650390625 0.04375 0.041015625
2 0.53828125 0.677734375 0.0484375 0.04296875
2 0.53046875 0.6953125 0.0546875 0.05078125