3 0.309375 0.251953125 0.19375 0.2578125
2 0.88046875 0.3203125 0.0578125 0.08203125
2 0.85703125 0.35546875 0.0546875 0.078125
2 0.825 0.4091796875 0.059375 0.080078125
2 0.79453125 0.431640625 0.0734375 0.06640625
2 0.7140625 0.5634765625 0.0625 0.076171875
2 0.7 0.5966796875 0.05625 0.072265625
2 0.67265625 0.623046875 0.0609375 0.078125
2 0.6234375 0.7177734375 0.059375 0.076171875
2 0.58203125 0.787109375 0.0609375 0.06640625
2 0.57109375 0.80859375 0.0546875 0.05078125
2 0.56171875 0.822265625 0.0515625 0.0546875
2 0.55546875 0.841796875 0.0421875 0.06640625
2 0.54453125 0.857421875 0.0421875 0.06640625
2 0.53203125 0.86328125 0.0421875 0.06640625
2 0.52265625 0.869140625 0.0421875 0.06640625
2 0.51328125 0.8818359375 0.0546875 0.060546875