2 0.60390625 0.865234375 0.0328125 0.0625
2 0.61328125 0.857421875 0.0328125 0.0625
2 0.62578125 0.853515625 0.0328125 0.0625
2 0.63359375 0.8515625 0.0328125 0.0625
2 0.64296875 0.845703125 0.0328125 0.0625
2 0.65390625 0.84375 0.0328125 0.0625
2 0.67265625 0.83984375 0.0328125 0.0625
2 0.6921875 0.83203125 0.0375 0.0703125
2 0.74609375 0.8037109375 0.0359375 0.064453125
2 0.81484375 0.7587890625 0.0328125 0.068359375
2 0.84453125 0.7529296875 0.0328125 0.068359375
2 0.86484375 0.7392578125 0.0328125 0.068359375
2 0.89296875 0.689453125 0.0421875 0.0625
2 0.97109375 0.685546875 0.0546875 0.06640625