0 0.30546875 0.2626953125 0.0140625 0.037109375
0 0.275 0.2333984375 0.021875 0.037109375
0 0.2578125 0.2412109375 0.009375 0.025390625
0 0.2421875 0.2431640625 0.021875 0.029296875
0 0.2859375 0.287109375 0.01875 0.0625
0 0.26328125 0.2802734375 0.0140625 0.037109375
0 0.21328125 0.54296875 0.0109375 0.0234375
0 0.20078125 0.568359375 0.0171875 0.0234375
0 0.31015625 0.498046875 0.0171875 0.04296875
0 0.303125 0.5458984375 0.01875 0.033203125
0 0.271875 0.560546875 0.01875 0.04296875
0 0.29765625 0.587890625 0.0234375 0.0546875
0 0.64296875 0.7001953125 0.0203125 0.048828125
0 0.675 0.712890625 0.015625 0.04296875