0 0.11328125 0.8505859375 0.0203125 0.048828125
0 0.58828125 0.572265625 0.0140625 0.03125
0 0.5234375 0.552734375 0.015625 0.04296875
0 0.59375 0.6015625 0.015625 0.03125
0 0.60546875 0.5673828125 0.0140625 0.033203125
0 0.61640625 0.5546875 0.0140625 0.03515625
0 0.6265625 0.54296875 0.0125 0.0390625
0 0.66640625 0.576171875 0.0140625 0.0390625
0 0.8625 0.6591796875 0.015625 0.041015625
0 0.9078125 0.6708984375 0.015625 0.044921875
0 0.56640625 0.3544921875 0.0234375 0.044921875
0 0.5953125 0.369140625 0.0125 0.05078125
0 0.57890625 0.390625 0.0109375 0.01953125
0 0.60703125 0.3818359375 0.0109375 0.033203125
0 0.6140625 0.3779296875 0.009375 0.029296875
0 0.63046875 0.375 0.0171875 0.0390625
0 0.90390625 0.0478515625 0.0109375 0.029296875
0 0.89375 0.0263671875 0.015625 0.033203125
0 0.87578125 0.0517578125 0.0140625 0.021484375
0 0.86328125 0.0380859375 0.0109375 0.037109375
0 0.8515625 0.0556640625 0.009375 0.029296875
0 0.84609375 0.0302734375 0.0140625 0.033203125
0 0.790625 0.0478515625 0.009375 0.029296875
0 0.81171875 0.01953125 0.0140625 0.01953125
0 0.8015625 0.0205078125 0.009375 0.029296875
0 0.7734375 0.033203125 0.01875 0.02734375
1 0.13359375 0.1123046875 0.0484375 0.041015625
1 0.1125 0.126953125 0.040625 0.03515625
1 0.0546875 0.14453125 0.028125 0.0234375
1 0.0546875 0.1650390625 0.034375 0.037109375