2 0.52421875 0.7900390625 0.0546875 0.048828125
2 0.53515625 0.7744140625 0.0546875 0.044921875
2 0.53984375 0.7607421875 0.0453125 0.041015625
2 0.5578125 0.740234375 0.046875 0.05078125
2 0.571875 0.7236328125 0.0375 0.037109375
2 0.57734375 0.7041015625 0.0484375 0.048828125
2 0.584375 0.6806640625 0.05625 0.060546875
2 0.61796875 0.6044921875 0.0515625 0.060546875
2 0.65703125 0.5029296875 0.0546875 0.064453125
2 0.6828125 0.4697265625 0.05625 0.068359375
2 0.69765625 0.43359375 0.0515625 0.0625
2 0.7625 0.28125 0.065625 0.05078125
2 0.7875 0.248046875 0.059375 0.0703125
2 0.7890625 0.2060546875 0.040625 0.064453125
2 0.81328125 0.193359375 0.0546875 0.06640625
2 0.83984375 0.1552734375 0.0546875 0.068359375