2 0.67265625 0.595703125 0.0390625 0.0546875
2 0.65 0.611328125 0.0625 0.0703125
2 0.57109375 0.630859375 0.0390625 0.06640625
2 0.553125 0.6826171875 0.046875 0.068359375
2 0.534375 0.703125 0.04375 0.07421875
2 0.50625 0.7138671875 0.04375 0.076171875
2 0.44453125 0.775390625 0.0390625 0.07421875
2 0.3921875 0.8134765625 0.04375 0.072265625
2 0.3796875 0.8251953125 0.04375 0.072265625
2 0.3625 0.826171875 0.0375 0.0625
2 0.35234375 0.8330078125 0.0390625 0.064453125
2 0.34296875 0.8388671875 0.0390625 0.064453125
2 0.33359375 0.8427734375 0.0390625 0.064453125
2 0.32421875 0.8544921875 0.0390625 0.064453125
2 0.31015625 0.8603515625 0.0390625 0.064453125
1 0.51796875 0.12890625 0.1421875 0.1484375