2 0.51484375 0.4599609375 0.0578125 0.056640625
2 0.52421875 0.4482421875 0.0578125 0.056640625
2 0.534375 0.43359375 0.053125 0.05078125
2 0.54140625 0.419921875 0.0546875 0.05078125
2 0.54609375 0.408203125 0.0484375 0.046875
2 0.55703125 0.392578125 0.0484375 0.046875
2 0.56484375 0.375 0.0546875 0.046875
2 0.57109375 0.3525390625 0.0578125 0.052734375
2 0.60234375 0.2763671875 0.0578125 0.064453125
2 0.6390625 0.1689453125 0.059375 0.064453125
2 0.6671875 0.134765625 0.0625 0.0703125
2 0.6796875 0.0986328125 0.059375 0.068359375