0 0.46640625 0.6728515625 0.0171875 0.048828125
0 0.4984375 0.779296875 0.025 0.05078125
0 0.678125 0.1611328125 0.025 0.048828125
0 0.6875 0.2548828125 0.015625 0.044921875
0 0.70390625 0.2529296875 0.0140625 0.044921875
0 0.75546875 0.162109375 0.0171875 0.04296875
0 0.77265625 0.1904296875 0.0203125 0.041015625
0 0.73828125 0.21484375 0.0203125 0.05078125
0 0.740625 0.259765625 0.021875 0.05078125
0 0.72734375 0.7666015625 0.0203125 0.021484375
0 0.62578125 0.71484375 0.0140625 0.0234375
0 0.6171875 0.7509765625 0.021875 0.033203125
0 0.64921875 0.7216796875 0.0171875 0.025390625
0 0.73828125 0.7861328125 0.0328125 0.048828125
0 0.68203125 0.890625 0.0265625 0.0390625
0 0.7765625 0.814453125 0.015625 0.0390625
0 0.80625 0.8232421875 0.034375 0.048828125
0 0.76796875 0.8828125 0.0203125 0.04296875