0 0.8078125 0.4814453125 0.015625 0.037109375
0 0.82421875 0.38671875 0.0328125 0.05078125
0 0.8109375 0.3486328125 0.01875 0.033203125
0 0.8015625 0.396484375 0.028125 0.046875
0 0.77890625 0.3984375 0.0234375 0.05078125
0 0.74375 0.427734375 0.025 0.05078125
0 0.653125 0.349609375 0.025 0.03515625
0 0.64140625 0.384765625 0.0203125 0.0234375
0 0.7640625 0.064453125 0.015625 0.0390625
0 0.75703125 0.0263671875 0.0296875 0.033203125
0 0.69609375 0.015625 0.0203125 0.03125
0 0.7828125 0.0087890625 0.015625 0.017578125
0 0.74765625 0.0107421875 0.0140625 0.021484375
0 0.765625 0.0087890625 0.015625 0.017578125