2 0.20390625 0.0078125 0.0484375 0.015625
2 0.21171875 0.0302734375 0.0609375 0.041015625
2 0.21875 0.0595703125 0.05625 0.041015625
2 0.21953125 0.08203125 0.0484375 0.03515625
2 0.2234375 0.130859375 0.053125 0.03515625
2 0.22578125 0.158203125 0.0515625 0.03515625
2 0.0109375 0.0390625 0.021875 0.0234375
2 0.01328125 0.0859375 0.0265625 0.01953125
2 0.01953125 0.1103515625 0.0390625 0.033203125
2 0.0203125 0.13671875 0.040625 0.0234375
2 0.02265625 0.1552734375 0.0453125 0.025390625
2 0.02578125 0.177734375 0.0515625 0.02734375
2 0.02578125 0.2041015625 0.0515625 0.025390625
0 0.46796875 0.2939453125 0.0140625 0.033203125
0 0.46953125 0.3212890625 0.0171875 0.029296875
0 0.6296875 0.4833984375 0.01875 0.041015625
1 0.25625 0.6982421875 0.121875 0.193359375
1 0.14609375 0.9189453125 0.1078125 0.158203125