1 0.1203125 0.1884765625 0.05625 0.107421875
1 0.25546875 0.17578125 0.0546875 0.09375
1 0.48125 0.1494140625 0.059375 0.091796875
1 0.55546875 0.1376953125 0.0421875 0.076171875
1 0.70078125 0.1259765625 0.0484375 0.076171875
1 0.765625 0.1171875 0.053125 0.0859375
1 0.209375 0.5693359375 0.059375 0.126953125
1 0.38125 0.5556640625 0.06875 0.123046875
1 0.696875 0.4248046875 0.0625 0.107421875
1 0.72890625 0.751953125 0.0578125 0.1015625
2 0.0453125 0.0166015625 0.01875 0.033203125
2 0.06328125 0.01171875 0.0140625 0.0234375
1 0.37890625 0.251953125 0.0421875 0.07421875
1 0.47890625 0.240234375 0.0453125 0.078125
1 0.41640625 0.16015625 0.0421875 0.06640625