0 0.38359375 0.736328125 0.0234375 0.0546875
0 0.8359375 0.4599609375 0.01875 0.037109375
0 0.55234375 0.8134765625 0.0203125 0.048828125
1 0.66328125 0.2080078125 0.1015625 0.169921875
2 0.18515625 0.033203125 0.0484375 0.03125
2 0.2015625 0.1181640625 0.053125 0.029296875
2 0.21015625 0.154296875 0.0578125 0.04296875
2 0.22109375 0.2119140625 0.0578125 0.044921875
2 0.2359375 0.240234375 0.05625 0.046875
2 0.1875 0.26171875 0.034375 0.0625
2 0.125 0.2763671875 0.05 0.068359375
2 0.07890625 0.28125 0.0328125 0.06640625
2 0.21640625 0.328125 0.0578125 0.05078125
2 0.2265625 0.3759765625 0.059375 0.044921875
2 0.23046875 0.4111328125 0.0609375 0.044921875
2 0.23984375 0.44140625 0.0578125 0.04296875
2 0.23984375 0.4677734375 0.0515625 0.037109375
2 0.24765625 0.5224609375 0.0515625 0.037109375
2 0.246875 0.546875 0.053125 0.0390625
2 0.0171875 0.4248046875 0.034375 0.037109375
2 0.02109375 0.47265625 0.0421875 0.03125
2 0.02890625 0.5 0.0578125 0.05078125
2 0.02890625 0.525390625 0.0515625 0.03515625
2 0.03125 0.548828125 0.05625 0.0390625
2 0.03984375 0.5732421875 0.0515625 0.025390625
2 0.03515625 0.599609375 0.0546875 0.0234375