1 0.56796875 0.6630859375 0.0609375 0.087890625
1 0.52890625 0.62109375 0.0609375 0.09375
1 0.4 0.837890625 0.065625 0.1015625
3 0.1390625 0.3955078125 0.053125 0.083984375
2 0.06875 0.7568359375 0.040625 0.025390625
2 0.06796875 0.77734375 0.0359375 0.0234375
2 0.08359375 0.81640625 0.0359375 0.02734375
2 0.08984375 0.833984375 0.0359375 0.02734375
2 0.09453125 0.859375 0.0390625 0.03125
2 0.10390625 0.875 0.0390625 0.03125
2 0.09765625 0.9111328125 0.0421875 0.037109375
2 0.1 0.9287109375 0.040625 0.037109375
2 0.10625 0.9482421875 0.046875 0.044921875
2 0.11640625 0.9716796875 0.0515625 0.052734375
2 0.0734375 0.884765625 0.025 0.046875
2 0.03046875 0.8896484375 0.0328125 0.044921875
2 0.00390625 0.892578125 0.0078125 0.046875