1 0.1015625 0.3916015625 0.059375 0.111328125
1 0.24609375 0.3740234375 0.0546875 0.095703125
1 0.41015625 0.36328125 0.0515625 0.08984375
1 0.4796875 0.345703125 0.059375 0.0859375
1 0.5609375 0.328125 0.04375 0.0703125
1 0.71171875 0.322265625 0.0546875 0.08984375
1 0.78359375 0.31640625 0.0546875 0.09375
1 0.37109375 0.462890625 0.0515625 0.08203125
1 0.4765625 0.44921875 0.053125 0.0859375
1 0.7109375 0.65625 0.071875 0.12109375
1 0.37421875 0.8046875 0.0671875 0.140625
1 0.18984375 0.8173828125 0.0578125 0.130859375
2 0.0375 0.1171875 0.021875 0.046875
2 0.009375 0.154296875 0.01875 0.05078125
2 0.02109375 0.125 0.0203125 0.04296875
2 0.02421875 0.1611328125 0.0203125 0.044921875
2 0.0234375 0.1943359375 0.028125 0.044921875
2 0.04140625 0.18359375 0.0234375 0.05078125
2 0.0640625 0.15625 0.03125 0.046875
2 0.1046875 0.1552734375 0.034375 0.052734375
2 0.125 0.1513671875 0.034375 0.052734375
2 0.35703125 0.1533203125 0.0328125 0.044921875
2 0.3875 0.146484375 0.028125 0.05078125
2 0.43046875 0.1103515625 0.0265625 0.048828125
2 0.45703125 0.0556640625 0.0234375 0.048828125
2 0.471875 0.0556640625 0.01875 0.041015625
2 0.49375 0.05078125 0.021875 0.03515625
2 0.49453125 0.0888671875 0.0265625 0.044921875
2 0.515625 0.0498046875 0.025 0.041015625
2 0.51875 0.0791015625 0.0125 0.033203125
2 0.53359375 0.0478515625 0.0203125 0.033203125
2 0.53203125 0.078125 0.0265625 0.04296875
2 0.5328125 0.107421875 0.028125 0.0390625
2 0.5421875 0.1357421875 0.025 0.044921875
2 0.525 0.1298828125 0.028125 0.044921875
2 0.5609375 0.134765625 0.03125 0.046875
2 0.52734375 0.1708984375 0.0328125 0.044921875
2 0.63515625 0.16796875 0.0359375 0.03515625
2 0.83671875 0.1337890625 0.0390625 0.033203125