1 0.94921875 0.4931640625 0.0609375 0.052734375
1 0.928125 0.5087890625 0.046875 0.041015625
1 0.90859375 0.5234375 0.0640625 0.0546875
1 0.88125 0.53515625 0.059375 0.046875
1 0.86796875 0.5537109375 0.0671875 0.052734375
1 0.84765625 0.56640625 0.0515625 0.02734375
1 0.83125 0.5859375 0.0625 0.05078125
1 0.8125 0.603515625 0.0625 0.0390625
1 0.78046875 0.6142578125 0.0578125 0.044921875
1 0.76640625 0.6357421875 0.0671875 0.044921875
1 0.73125 0.6474609375 0.040625 0.037109375
1 0.721875 0.662109375 0.046875 0.02734375
1 0.71640625 0.68359375 0.0671875 0.0390625
1 0.6921875 0.6953125 0.059375 0.03515625
1 0.67109375 0.7177734375 0.0703125 0.056640625
1 0.22421875 0.736328125 0.0765625 0.05859375
1 0.20234375 0.76171875 0.0765625 0.05859375
1 0.1921875 0.791015625 0.078125 0.05859375
1 0.14765625 0.861328125 0.0859375 0.0703125
1 0.1265625 0.896484375 0.08125 0.0625