1 0.503125 0.6044921875 0.046875 0.087890625
1 0.6265625 0.6005859375 0.04375 0.068359375
1 0.77265625 0.6064453125 0.0421875 0.064453125
1 0.83515625 0.6015625 0.0484375 0.06640625
1 0.73125 0.685546875 0.046875 0.06640625
1 0.8234375 0.6767578125 0.05625 0.087890625
1 0.71328125 0.9453125 0.0484375 0.10546875
1 0.553125 0.9375 0.053125 0.109375
2 0.46484375 0.39453125 0.0203125 0.04296875
2 0.44140625 0.41796875 0.0203125 0.04296875
2 0.44921875 0.4482421875 0.0203125 0.044921875
2 0.4546875 0.41015625 0.0125 0.03515625
2 0.46484375 0.4384765625 0.0171875 0.041015625
2 0.48515625 0.4267578125 0.0203125 0.037109375
2 0.51953125 0.42578125 0.0296875 0.05078125
2 0.54140625 0.4306640625 0.0359375 0.056640625
2 0.7390625 0.4423828125 0.028125 0.037109375
2 0.76796875 0.4345703125 0.0203125 0.056640625
2 0.83359375 0.3759765625 0.0140625 0.041015625
2 0.809375 0.41796875 0.021875 0.04296875
2 0.84765625 0.3798828125 0.0234375 0.044921875
2 0.8859375 0.3681640625 0.01875 0.044921875
2 0.86640625 0.4033203125 0.0171875 0.033203125
2 0.90625 0.3828125 0.015625 0.04296875
2 0.8890625 0.4736328125 0.03125 0.044921875
2 0.890625 0.44140625 0.028125 0.04296875
2 0.90546875 0.447265625 0.0203125 0.04296875
2 0.9203125 0.4462890625 0.028125 0.048828125