0 0.578125 0.248046875 0.009375 0.03515625
0 0.56640625 0.255859375 0.0109375 0.03515625
0 0.55703125 0.2431640625 0.0140625 0.037109375
0 0.54765625 0.2607421875 0.0109375 0.029296875
0 0.48515625 0.3583984375 0.0109375 0.037109375
0 0.5 0.404296875 0.009375 0.0234375
0 0.6421875 0.390625 0.0125 0.03125
0 0.66953125 0.3994140625 0.0140625 0.029296875
0 0.659375 0.3798828125 0.015625 0.025390625
0 0.6546875 0.40625 0.0125 0.03125
0 0.63828125 0.427734375 0.0109375 0.03515625
0 0.884375 0.4541015625 0.015625 0.033203125
0 0.846875 0.44140625 0.0125 0.02734375
0 0.55703125 0.703125 0.0171875 0.03515625
0 0.76015625 0.9814453125 0.0171875 0.033203125