2 0.01796875 0.0556640625 0.0359375 0.025390625
2 0.0203125 0.140625 0.040625 0.03125
2 0.04921875 0.2705078125 0.0671875 0.029296875
2 0.053125 0.296875 0.053125 0.046875
2 0.065625 0.3203125 0.0625 0.0390625
2 0.08984375 0.4033203125 0.0640625 0.056640625
2 0.10703125 0.4375 0.0609375 0.046875
2 0.0484375 0.4765625 0.04375 0.07421875
2 0.10078125 0.5712890625 0.0671875 0.060546875
2 0.10625 0.6025390625 0.05625 0.044921875
2 0.1171875 0.6376953125 0.06875 0.052734375
2 0.1296875 0.689453125 0.071875 0.05859375
2 0.140625 0.73046875 0.065625 0.0390625
2 0.14375 0.76171875 0.059375 0.05078125
2 0.1625 0.8681640625 0.0625 0.048828125
2 0.15546875 0.837890625 0.0609375 0.046875
1 0.6265625 0.3330078125 0.1125 0.216796875
0 0.05390625 0.904296875 0.0328125 0.04296875
0 0.85 0.3544921875 0.01875 0.041015625