2 0.071875 0.201171875 0.071875 0.03515625
2 0.0765625 0.27734375 0.0625 0.03515625
2 0.1046875 0.4013671875 0.065625 0.029296875
2 0.10390625 0.4267578125 0.0546875 0.037109375
2 0.11875 0.4482421875 0.059375 0.033203125
2 0.13125 0.529296875 0.06875 0.0546875
2 0.14765625 0.5693359375 0.0609375 0.044921875
2 0.0890625 0.6005859375 0.0375 0.072265625
2 0.13125 0.6953125 0.071875 0.0625
2 0.13671875 0.728515625 0.0578125 0.046875
2 0.14375 0.763671875 0.06875 0.0546875
2 0.1515625 0.814453125 0.06875 0.0546875
2 0.1609375 0.857421875 0.065625 0.04296875
2 0.15859375 0.8896484375 0.0640625 0.048828125
2 0.01875 0.6201171875 0.0375 0.064453125
2 0.16875 0.966796875 0.059375 0.03515625
2 0.16953125 0.9873046875 0.0578125 0.021484375
1 0.66484375 0.5146484375 0.1203125 0.216796875
0 0.75078125 0.4921875 0.0171875 0.04296875
2 0.5875 0.8251953125 0.071875 0.091796875