1 0.63046875 0.138671875 0.1171875 0.2109375
2 0.07109375 0.0615234375 0.0671875 0.037109375
2 0.06953125 0.08984375 0.0640625 0.0546875
2 0.08671875 0.1083984375 0.0671875 0.037109375
2 0.10859375 0.1904296875 0.0640625 0.056640625
2 0.12265625 0.22265625 0.0609375 0.0546875
2 0.00859375 0.294921875 0.0171875 0.046875
2 0.06796875 0.2607421875 0.0359375 0.064453125
2 0.11484375 0.3505859375 0.0671875 0.056640625
2 0.11796875 0.3857421875 0.0546875 0.044921875
2 0.12734375 0.4169921875 0.0640625 0.048828125
2 0.13671875 0.4658203125 0.0703125 0.052734375
2 0.15 0.5048828125 0.06875 0.048828125
2 0.15078125 0.533203125 0.0578125 0.05078125
2 0.1609375 0.6142578125 0.06875 0.056640625
2 0.16640625 0.64453125 0.0640625 0.046875