0 0.59375 0.890625 0.0125 0.0390625
1 0.8734375 0.0390625 0.078125 0.078125
1 0.6421875 0.6904296875 0.11875 0.212890625
2 0.0375 0.4072265625 0.071875 0.037109375
2 0.04609375 0.4794921875 0.0578125 0.044921875
2 0.07421875 0.60546875 0.0671875 0.0390625
2 0.07734375 0.6337890625 0.0609375 0.044921875
2 0.0890625 0.65234375 0.065625 0.046875
2 0.10859375 0.736328125 0.0640625 0.05078125
2 0.121875 0.7734375 0.065625 0.05078125
2 0.06640625 0.810546875 0.0421875 0.078125
2 0.00859375 0.8505859375 0.0171875 0.037109375
2 0.11328125 0.9052734375 0.0734375 0.060546875
2 0.115625 0.9375 0.059375 0.05078125
2 0.12421875 0.9716796875 0.0640625 0.048828125