0 0.15625 0.6005859375 0.021875 0.044921875
0 0.2015625 0.6201171875 0.01875 0.033203125
0 0.8125 0.4775390625 0.015625 0.041015625
0 0.77265625 0.048828125 0.0140625 0.03515625
0 0.85546875 0.0322265625 0.0140625 0.025390625
0 0.78515625 0.0146484375 0.0203125 0.029296875
0 0.87265625 0.029296875 0.0203125 0.03125
0 0.89453125 0.0400390625 0.0140625 0.021484375
0 0.8875 0.056640625 0.01875 0.03125
0 0.91796875 0.0419921875 0.0140625 0.041015625
0 0.9453125 0.0283203125 0.015625 0.044921875
0 0.97109375 0.7158203125 0.0140625 0.033203125
0 0.98046875 0.7080078125 0.0140625 0.021484375
0 0.99375 0.7109375 0.0125 0.03125
0 0.95078125 0.7802734375 0.0140625 0.037109375