1 0.51640625 0.8662109375 0.0609375 0.099609375
1 0.65078125 0.8681640625 0.0484375 0.091796875
1 0.875 0.86328125 0.0625 0.09375
1 0.7640625 0.955078125 0.04375 0.0703125
1 0.86875 0.9501953125 0.05 0.080078125
2 0.47578125 0.6201171875 0.0140625 0.037109375
2 0.44765625 0.6513671875 0.0140625 0.041015625
2 0.4625 0.650390625 0.0125 0.0390625
2 0.45703125 0.6875 0.0203125 0.03515625
2 0.47421875 0.6787109375 0.0296875 0.044921875
2 0.496875 0.6591796875 0.025 0.041015625
2 0.53515625 0.6591796875 0.0296875 0.052734375
2 0.5578125 0.6640625 0.034375 0.05859375
2 0.76953125 0.6796875 0.0296875 0.03515625
2 0.79765625 0.67578125 0.0203125 0.04296875
2 0.8421875 0.6513671875 0.028125 0.048828125
2 0.86875 0.6025390625 0.01875 0.033203125
2 0.884375 0.60546875 0.021875 0.04296875
2 0.90390625 0.6171875 0.0203125 0.05859375
2 0.92265625 0.59765625 0.0171875 0.0390625
2 0.94453125 0.603515625 0.0171875 0.0390625
2 0.96875 0.6044921875 0.0125 0.037109375
2 0.9390625 0.6376953125 0.021875 0.037109375
2 0.92734375 0.6318359375 0.0140625 0.029296875
2 0.965625 0.681640625 0.025 0.046875
2 0.94609375 0.6826171875 0.0234375 0.044921875
2 0.93125 0.6767578125 0.025 0.037109375
2 0.93046875 0.7138671875 0.0234375 0.037109375