2 0.028125 0.34765625 0.05625 0.0234375
2 0.02890625 0.4296875 0.0515625 0.0234375
2 0.0515625 0.5625 0.0625 0.02734375
2 0.05078125 0.587890625 0.0515625 0.0390625
2 0.06484375 0.6123046875 0.0578125 0.033203125
2 0.078125 0.697265625 0.0625 0.046875
2 0.090625 0.7353515625 0.0625 0.041015625
2 0.0359375 0.765625 0.03125 0.0703125
2 0.075 0.87109375 0.06875 0.0546875
2 0.07578125 0.9013671875 0.0578125 0.044921875
2 0.084375 0.9404296875 0.065625 0.048828125
2 0.09140625 0.9833984375 0.0640625 0.025390625
1 0.61953125 0.6982421875 0.1359375 0.220703125
1 0.9046875 0.0400390625 0.084375 0.080078125
2 0.01953125 0.3154296875 0.0390625 0.021484375