1 0.63515625 0.69140625 0.0640625 0.09375
1 0.76328125 0.5087890625 0.0609375 0.087890625
3 0.40859375 0.294921875 0.0484375 0.07421875
2 0.50546875 0.9521484375 0.0234375 0.044921875
2 0.37265625 0.8330078125 0.0328125 0.017578125
2 0.37265625 0.8173828125 0.0328125 0.013671875
2 0.3671875 0.796875 0.03125 0.01953125
2 0.36953125 0.7841796875 0.0359375 0.013671875
2 0.365625 0.7744140625 0.03125 0.029296875
2 0.3609375 0.7578125 0.03125 0.02734375
2 0.3578125 0.740234375 0.034375 0.03125
2 0.34609375 0.7373046875 0.0140625 0.025390625
2 0.33828125 0.6025390625 0.0296875 0.017578125
2 0.3359375 0.62109375 0.021875 0.01953125
2 0.26796875 0.71875 0.0265625 0.046875
2 0.296875 0.716796875 0.028125 0.04296875
2 0.196875 0.7275390625 0.025 0.037109375
2 0.1484375 0.7314453125 0.03125 0.033203125
2 0.1171875 0.7373046875 0.021875 0.037109375
2 0.0953125 0.7607421875 0.034375 0.029296875
2 0.0953125 0.787109375 0.0375 0.0234375
2 0.09453125 0.8056640625 0.0421875 0.037109375
2 0.1765625 0.755859375 0.0375 0.03515625
2 0.18203125 0.7744140625 0.0421875 0.041015625
2 0.1859375 0.7998046875 0.0375 0.041015625
2 0.22265625 0.7744140625 0.0390625 0.041015625