2 0.2015625 0.474609375 0.0625 0.04296875
2 0.1953125 0.4462890625 0.065625 0.044921875
2 0.1875 0.3779296875 0.05625 0.048828125
2 0.1890625 0.3525390625 0.0625 0.044921875
2 0.178125 0.3154296875 0.065625 0.048828125
2 0.16875 0.271484375 0.06875 0.0546875
2 0.1609375 0.2470703125 0.053125 0.041015625
2 0.15859375 0.2158203125 0.0671875 0.056640625
2 0.00859375 0.1650390625 0.0171875 0.068359375
2 0.0515625 0.154296875 0.046875 0.07421875
2 0.12265625 0.1357421875 0.0421875 0.072265625
2 0.1703125 0.107421875 0.05625 0.04296875
2 0.1546875 0.0751953125 0.059375 0.048828125
2 0.14296875 0.01171875 0.0578125 0.0234375
1 0.640625 0.0634765625 0.096875 0.126953125