1 0.6578125 0.2158203125 0.109375 0.193359375
2 0.11015625 0.0224609375 0.0546875 0.041015625
2 0.13515625 0.130859375 0.0609375 0.04296875
2 0.1359375 0.1533203125 0.05 0.041015625
2 0.14921875 0.1748046875 0.0546875 0.029296875
2 0.16484375 0.244140625 0.0578125 0.05078125
2 0.17890625 0.2783203125 0.0609375 0.048828125
2 0.01171875 0.3369140625 0.0234375 0.068359375
2 0.0578125 0.3251953125 0.05 0.076171875
2 0.12578125 0.3076171875 0.0328125 0.068359375
2 0.165625 0.3876953125 0.065625 0.060546875
2 0.16875 0.4189453125 0.053125 0.041015625
2 0.1765625 0.4453125 0.065625 0.05078125
2 0.184375 0.4912109375 0.071875 0.056640625
2 0.19453125 0.5263671875 0.0671875 0.052734375
2 0.196875 0.5546875 0.05625 0.05078125
2 0.203125 0.6279296875 0.0625 0.044921875
2 0.20703125 0.6552734375 0.0640625 0.041015625