1 0.46953125 0.921875 0.0640625 0.12890625
1 0.6328125 0.919921875 0.0625 0.1171875
1 0.82890625 0.9228515625 0.0546875 0.107421875
1 0.91484375 0.91796875 0.0609375 0.11328125
2 0.42578125 0.5634765625 0.0203125 0.044921875
2 0.45234375 0.61328125 0.0171875 0.05078125
2 0.4078125 0.6181640625 0.015625 0.041015625
2 0.425 0.64453125 0.028125 0.0546875
2 0.40390625 0.65625 0.0296875 0.046875
2 0.496875 0.62109375 0.03125 0.0546875
2 0.521875 0.6103515625 0.025 0.052734375
2 0.78359375 0.6416015625 0.0390625 0.044921875
2 0.81953125 0.6416015625 0.0234375 0.052734375
2 0.8765625 0.6025390625 0.025 0.052734375
2 0.9078125 0.5380859375 0.01875 0.041015625
2 0.9296875 0.5361328125 0.028125 0.044921875
2 0.9515625 0.537109375 0.021875 0.046875
2 0.978125 0.52734375 0.015625 0.0390625
2 0.95078125 0.583984375 0.0265625 0.04296875
2 0.98125 0.5693359375 0.0125 0.037109375
2 0.9953125 0.5654296875 0.009375 0.037109375
2 0.984375 0.63671875 0.025 0.0546875
2 0.98125 0.6904296875 0.025 0.048828125