2 0.15703125 0.03125 0.0484375 0.03125
2 0.159375 0.072265625 0.04375 0.03125
2 0.175 0.140625 0.05 0.0390625
2 0.18203125 0.1640625 0.0453125 0.03125
2 0.19296875 0.205078125 0.0484375 0.04296875
2 0.20234375 0.232421875 0.0390625 0.03125
2 0.1625 0.2490234375 0.015625 0.037109375
2 0.10859375 0.255859375 0.0390625 0.05859375
2 0.065625 0.2607421875 0.028125 0.056640625
2 0.0125 0.3701171875 0.025 0.029296875
2 0.01328125 0.41015625 0.0265625 0.02734375
2 0.02109375 0.435546875 0.0421875 0.03515625
2 0.02265625 0.4599609375 0.0453125 0.025390625
2 0.02578125 0.4833984375 0.0515625 0.025390625
2 0.02421875 0.5078125 0.0484375 0.03125
2 0.18671875 0.294921875 0.0578125 0.046875
2 0.19375 0.33203125 0.05625 0.046875
2 0.2 0.359375 0.053125 0.046875
2 0.20546875 0.3828125 0.0515625 0.04296875
2 0.20703125 0.40625 0.0453125 0.0390625
2 0.20859375 0.443359375 0.0484375 0.03515625
2 0.2125 0.4677734375 0.05 0.037109375
0 0.85859375 0.0751953125 0.0171875 0.041015625
0 0.8484375 0.0712890625 0.015625 0.041015625
1 0.58203125 0.1962890625 0.0890625 0.142578125
1 0.240625 0.91796875 0.1125 0.16015625