1 0.04921875 0.9150390625 0.0421875 0.068359375
1 0.11484375 0.8974609375 0.0609375 0.087890625
1 0.19609375 0.87890625 0.0421875 0.06640625
1 0.34609375 0.861328125 0.0390625 0.06640625
1 0.1203125 0.9765625 0.040625 0.04296875
1 0.40625 0.845703125 0.05 0.07421875
1 0.89609375 0.234375 0.0578125 0.078125
1 0.85078125 0.1513671875 0.0609375 0.091796875
2 0.01875 0.71875 0.025 0.0625
2 0.059375 0.693359375 0.03125 0.046875
2 0.08359375 0.64453125 0.0171875 0.03515625
2 0.09609375 0.6396484375 0.0171875 0.037109375
2 0.11796875 0.6494140625 0.0203125 0.052734375
2 0.1375 0.638671875 0.01875 0.0546875
2 0.15625 0.638671875 0.01875 0.04296875
2 0.153125 0.705078125 0.028125 0.0390625
2 0.1546875 0.7412109375 0.028125 0.037109375
2 0.16640625 0.70703125 0.0296875 0.0390625
2 0.1875 0.7080078125 0.03125 0.037109375