0 0.46640625 0.775390625 0.0171875 0.02734375
1 0.63515625 0.314453125 0.1140625 0.19921875
2 0.18671875 0.771484375 0.0640625 0.046875
2 0.18125 0.7421875 0.0625 0.04296875
2 0.1734375 0.66796875 0.05625 0.05078125
2 0.1734375 0.6416015625 0.0625 0.041015625
2 0.1640625 0.603515625 0.06875 0.05078125
2 0.15390625 0.55859375 0.0671875 0.0546875
2 0.14609375 0.53125 0.0578125 0.046875
2 0.14140625 0.4970703125 0.0671875 0.060546875
2 0.10078125 0.416015625 0.0359375 0.0703125
2 0.0328125 0.4365234375 0.053125 0.076171875
2 0.153125 0.388671875 0.0625 0.046875
2 0.140625 0.3515625 0.0625 0.05859375
2 0.12421875 0.28125 0.0578125 0.0390625
2 0.1109375 0.2392578125 0.0625 0.037109375
2 0.053125 0.2529296875 0.021875 0.052734375
2 0.0671875 0.2509765625 0.021875 0.052734375
2 0.08125 0.1298828125 0.053125 0.037109375
2 0.075 0.06640625 0.071875 0.0390625