2 0.29140625 0.240234375 0.0296875 0.046875
2 0.53046875 0.298828125 0.0171875 0.05078125
0 0.86484375 0.1640625 0.0234375 0.04296875
0 0.86328125 0.1416015625 0.0140625 0.033203125
0 0.86328125 0.1064453125 0.0140625 0.041015625
0 0.88203125 0.1083984375 0.0140625 0.037109375
0 0.80234375 0.1142578125 0.0265625 0.048828125
0 0.8078125 0.068359375 0.021875 0.04296875
0 0.79609375 0.0458984375 0.0140625 0.033203125
0 0.7828125 0.0458984375 0.015625 0.033203125
0 0.76875 0.0439453125 0.015625 0.025390625
0 0.75625 0.0556640625 0.015625 0.033203125