3 0.33203125 0.064453125 0.0640625 0.1015625
3 0.2125 0.16796875 0.059375 0.0546875
4 0.3 0.048828125 0.040625 0.0703125
0 0.7296875 0.2998046875 0.025 0.064453125
1 0.76015625 0.380859375 0.0796875 0.11328125
1 0.59765625 0.65625 0.0828125 0.125
2 0.22265625 0.5234375 0.0390625 0.03125
2 0.2234375 0.55078125 0.034375 0.02734375
2 0.2359375 0.6064453125 0.034375 0.029296875
2 0.24140625 0.6259765625 0.0421875 0.025390625
2 0.24921875 0.658203125 0.0390625 0.03515625
2 0.25625 0.681640625 0.0375 0.02734375
2 0.22109375 0.6875 0.0234375 0.046875
2 0.171875 0.6953125 0.03125 0.046875
2 0.13515625 0.69921875 0.0328125 0.0546875
2 0.0453125 0.7138671875 0.03125 0.044921875
2 0.24296875 0.7275390625 0.0484375 0.041015625
2 0.24765625 0.7626953125 0.0484375 0.033203125
2 0.25390625 0.7822265625 0.0515625 0.037109375
2 0.2578125 0.810546875 0.053125 0.046875
2 0.2609375 0.8505859375 0.040625 0.025390625
2 0.26171875 0.873046875 0.0390625 0.02734375
2 0.021875 0.755859375 0.040625 0.03125
2 0.02421875 0.77734375 0.0484375 0.03125
2 0.02265625 0.7978515625 0.0453125 0.029296875
2 0.025 0.8291015625 0.05 0.056640625
2 0.0734375 0.787109375 0.053125 0.05078125
2 0.07890625 0.8203125 0.0453125 0.04296875
2 0.08828125 0.8388671875 0.0453125 0.041015625
2 0.08671875 0.86328125 0.0484375 0.046875
2 0.09296875 0.8837890625 0.0484375 0.044921875