0 0.2359375 0.8134765625 0.015625 0.037109375
0 0.2828125 0.822265625 0.015625 0.02734375
0 0.859375 0.2373046875 0.0125 0.033203125
0 0.83828125 0.248046875 0.0171875 0.03125
0 0.85234375 0.2666015625 0.0203125 0.017578125
0 0.77890625 0.2724609375 0.0171875 0.029296875
0 0.77890625 0.359375 0.0109375 0.03125
0 0.77890625 0.41015625 0.0140625 0.03125
0 0.91171875 0.416015625 0.0109375 0.03125
0 0.89375 0.4033203125 0.0125 0.033203125
0 0.88984375 0.43359375 0.0203125 0.0390625
0 0.94921875 0.421875 0.0140625 0.0390625
0 0.91171875 0.8857421875 0.0140625 0.025390625
0 0.92421875 0.8857421875 0.0140625 0.029296875
0 0.93515625 0.8857421875 0.0109375 0.029296875
0 0.9484375 0.888671875 0.015625 0.02734375
0 0.978125 0.978515625 0.015625 0.0390625