1 0.525 0.599609375 0.065625 0.09765625
1 0.39921875 0.8115234375 0.0734375 0.107421875
1 0.45546875 0.8505859375 0.0671875 0.099609375
3 0.14296875 0.384765625 0.0515625 0.08203125
2 0.07265625 0.7314453125 0.0328125 0.021484375
2 0.0734375 0.7548828125 0.028125 0.017578125
2 0.0890625 0.7890625 0.0375 0.03125
2 0.09296875 0.810546875 0.0328125 0.01953125
2 0.10234375 0.830078125 0.0328125 0.01953125
2 0.1109375 0.84765625 0.034375 0.015625
2 0.0359375 0.8671875 0.034375 0.05078125
2 0.078125 0.8583984375 0.025 0.041015625
2 0.00625 0.8662109375 0.0125 0.041015625
2 0.0984375 0.8837890625 0.04375 0.041015625
2 0.1046875 0.90625 0.046875 0.04296875
2 0.1078125 0.921875 0.04375 0.03515625
2 0.11796875 0.94140625 0.0484375 0.046875
2 0.1203125 0.9775390625 0.04375 0.041015625