1 0.0875 0.7705078125 0.0625 0.126953125
1 0.24765625 0.75 0.0578125 0.125
1 0.434375 0.7314453125 0.053125 0.099609375
1 0.51171875 0.71484375 0.0703125 0.11328125
1 0.59765625 0.705078125 0.0453125 0.08203125
1 0.77109375 0.6884765625 0.0640625 0.107421875
1 0.8484375 0.677734375 0.0625 0.11328125
1 0.50703125 0.8369140625 0.0640625 0.119140625
1 0.3890625 0.8564453125 0.059375 0.107421875
2 0.9046875 0.4599609375 0.046875 0.029296875
2 0.6796875 0.49609375 0.046875 0.0390625
2 0.5578125 0.5009765625 0.034375 0.060546875
2 0.59453125 0.4580078125 0.0328125 0.056640625
2 0.57734375 0.4599609375 0.0265625 0.052734375
2 0.55859375 0.4521484375 0.0265625 0.052734375
2 0.56484375 0.4208984375 0.0234375 0.048828125
2 0.5859375 0.41015625 0.03125 0.046875
2 0.59453125 0.35546875 0.0203125 0.046875
2 0.565625 0.3857421875 0.015625 0.033203125
2 0.57890625 0.3505859375 0.0171875 0.044921875
2 0.5671875 0.3525390625 0.0125 0.041015625
2 0.5421875 0.3486328125 0.025 0.052734375
2 0.54921875 0.396484375 0.0203125 0.04296875
2 0.521875 0.3564453125 0.01875 0.041015625
2 0.52421875 0.400390625 0.0328125 0.05078125
2 0.49921875 0.36328125 0.0203125 0.046875
2 0.48125 0.3603515625 0.025 0.052734375
2 0.453125 0.4296875 0.03125 0.0546875
2 0.40390625 0.474609375 0.0328125 0.05859375
2 0.37109375 0.478515625 0.0390625 0.05078125
2 0.11484375 0.4794921875 0.0359375 0.052734375
2 0.09375 0.4873046875 0.0375 0.060546875
2 0.04765625 0.48828125 0.0265625 0.05078125
2 0.01953125 0.4443359375 0.0171875 0.048828125
2 0.021875 0.5185546875 0.01875 0.052734375
2 0.0046875 0.4599609375 0.009375 0.033203125
2 0.0078125 0.50390625 0.015625 0.04296875
2 0.00546875 0.5341796875 0.0109375 0.041015625