2 0.15703125 0.2021484375 0.0578125 0.033203125
2 0.159375 0.244140625 0.04375 0.03125
2 0.178125 0.3154296875 0.046875 0.021484375
2 0.18359375 0.3427734375 0.0484375 0.033203125
2 0.19453125 0.388671875 0.0484375 0.0390625
2 0.203125 0.4150390625 0.046875 0.033203125
2 0.1609375 0.4296875 0.03125 0.05078125
2 0.10703125 0.4423828125 0.0359375 0.052734375
2 0.0640625 0.447265625 0.028125 0.0625
2 0.01015625 0.5634765625 0.0203125 0.021484375
2 0.0109375 0.6044921875 0.021875 0.021484375
2 0.01796875 0.62890625 0.0359375 0.03125
2 0.01953125 0.6494140625 0.0390625 0.017578125
2 0.0203125 0.666015625 0.040625 0.0234375
2 0.0234375 0.6884765625 0.046875 0.029296875
2 0.021875 0.7119140625 0.04375 0.029296875
2 0.18828125 0.4833984375 0.0546875 0.048828125
2 0.1953125 0.5224609375 0.05625 0.044921875
2 0.2015625 0.5517578125 0.05625 0.044921875
2 0.20859375 0.5751953125 0.0546875 0.041015625
2 0.20859375 0.59765625 0.0453125 0.0390625
2 0.21171875 0.642578125 0.0453125 0.02734375
2 0.21484375 0.6650390625 0.0484375 0.037109375
1 0.59609375 0.3818359375 0.0921875 0.146484375
0 0.8421875 0.3603515625 0.015625 0.041015625
0 0.82890625 0.3505859375 0.0140625 0.041015625