2 0.0328125 0.240234375 0.065625 0.03515625
2 0.0421875 0.30859375 0.05 0.0390625
2 0.06796875 0.4150390625 0.0609375 0.041015625
2 0.0671875 0.4423828125 0.05625 0.044921875
2 0.08359375 0.4619140625 0.0640625 0.029296875
2 0.10234375 0.533203125 0.0578125 0.046875
2 0.11640625 0.564453125 0.0609375 0.05078125
2 0.0640625 0.599609375 0.040625 0.0703125
2 0.10703125 0.6826171875 0.0703125 0.060546875
2 0.1109375 0.71484375 0.05625 0.046875
2 0.11875 0.7421875 0.06875 0.05859375
2 0.128125 0.7890625 0.06875 0.05859375
2 0.1390625 0.828125 0.071875 0.0546875
2 0.14140625 0.8564453125 0.0609375 0.052734375
2 0.15234375 0.93359375 0.0609375 0.05078125
2 0.15859375 0.9599609375 0.0671875 0.044921875
0 0.43984375 0.9541015625 0.0140625 0.025390625
2 0.00703125 0.6376953125 0.0140625 0.029296875
1 0.60234375 0.4755859375 0.1046875 0.197265625