2 0.840625 0.359375 0.053125 0.09765625
0 0.79140625 0.31640625 0.0265625 0.0546875
1 0.6640625 0.4248046875 0.125 0.212890625
2 0.06953125 0.11328125 0.0734375 0.046875
2 0.0796875 0.1865234375 0.059375 0.037109375
2 0.1046875 0.3125 0.0625 0.03515625
2 0.1015625 0.3408203125 0.0625 0.048828125
2 0.11953125 0.359375 0.0609375 0.0390625
2 0.134375 0.4423828125 0.059375 0.048828125
2 0.1484375 0.4814453125 0.0625 0.048828125
2 0.090625 0.5126953125 0.0375 0.076171875
2 0.02265625 0.5341796875 0.0453125 0.068359375
2 0.13359375 0.6103515625 0.0703125 0.060546875
2 0.1359375 0.642578125 0.053125 0.046875
2 0.14375 0.67578125 0.06875 0.0546875
2 0.1546875 0.724609375 0.071875 0.0546875
2 0.16328125 0.76953125 0.0671875 0.0390625
2 0.16171875 0.7998046875 0.0609375 0.052734375
2 0.17109375 0.8818359375 0.0640625 0.044921875
2 0.1734375 0.9111328125 0.065625 0.044921875