1 0.14375 0.9150390625 0.0625 0.107421875
1 0.2796875 0.900390625 0.059375 0.08984375
1 0.50078125 0.876953125 0.0515625 0.07421875
1 0.396875 0.97265625 0.0375 0.046875
1 0.5 0.966796875 0.0375 0.05859375
1 0.7921875 0.8544921875 0.046875 0.076171875
1 0.725 0.8583984375 0.05625 0.083984375
2 0.0625 0.703125 0.021875 0.046875
2 0.09375 0.6787109375 0.021875 0.037109375
2 0.07578125 0.7158203125 0.0234375 0.037109375
2 0.08203125 0.7392578125 0.0515625 0.064453125
2 0.1171875 0.712890625 0.040625 0.0546875
2 0.17734375 0.7109375 0.0453125 0.0625
2 0.1515625 0.7041015625 0.028125 0.033203125
2 0.3875 0.705078125 0.028125 0.03515625
2 0.4171875 0.701171875 0.021875 0.04296875
2 0.45859375 0.669921875 0.0328125 0.046875
2 0.48125 0.6201171875 0.015625 0.033203125
2 0.4984375 0.6201171875 0.01875 0.033203125
2 0.51640625 0.62890625 0.0203125 0.0546875
2 0.559375 0.623046875 0.021875 0.046875
2 0.5390625 0.6357421875 0.021875 0.048828125
2 0.5453125 0.6865234375 0.015625 0.033203125
2 0.55859375 0.69140625 0.0265625 0.0390625
2 0.57734375 0.6904296875 0.0265625 0.041015625
2 0.546875 0.724609375 0.03125 0.046875
2 0.64921875 0.7236328125 0.0328125 0.021484375